6.637144778296741321e-02
6.643761476768444973e-02
6.650390676501162501e-02
6.656855744307479950e-02
6.663193067564741889e-02
6.669505543735904096e-02
6.675124980892412074e-02
6.680401632024698944e-02
6.685333291819108015e-02
6.690135056752559428e-02
6.694764766032051950e-02
6.699437927371020007e-02
6.703410840117458858e-02
6.707887599573029991e-02
6.711698614269687169e-02
6.715694237081666629e-02
6.719303347163979589e-02
6.723313637959649203e-02
6.726795180338987490e-02
6.730426144472836936e-02
6.733811300767646169e-02
6.737345825460158699e-02
6.739990125511545471e-02
6.743715680149868497e-02
6.746766657415317892e-02
6.750505422852537407e-02
6.753171764203103056e-02
6.756743988407153123e-02
6.759637656797679028e-02
6.763222565773370498e-02
6.765799491918043918e-02
6.769465502629838649e-02
6.771653920342525501e-02
6.775513695985317664e-02
6.777929507600716219e-02
6.781802147201076991e-02
6.784409116955711361e-02
6.788294855774663905e-02
6.790913878731626163e-02
6.794812788313445151e-02
6.797473917675811439e-02
6.801273087638327886e-02
6.803579761431910455e-02
6.807756812143241076e-02
6.810255787380331549e-02
6.814264089470004060e-02
6.816811402492631289e-02
6.820977796914640123e-02
6.823720071909186724e-02
6.827900339094858384e-02
6.830539613285899203e-02
6.834803830969063410e-02
6.837600687588187010e-02
6.841730838590188990e-02
6.844538928898402652e-02
6.848645668866981673e-02
6.851687677272981503e-02
6.855992642127473058e-02
6.858823672176010688e-02
6.863367434319475602e-02
6.866279151464055319e-02
6.870496602519146623e-02
6.873791528319540822e-02
6.878024404494477440e-02
6.881146300180240871e-02
6.885577645986969142e-02
6.888750792160663883e-02
6.893198105565263856e-02
6.896530857968662109e-02
6.901179409220928318e-02
6.904221024419927855e-02
6.908766826065027011e-02
6.912008593231608322e-02
6.916569198554003983e-02
6.920009400390372822e-02
6.924397685522279411e-02
6.928040963001157182e-02
6.932631734449105909e-02
6.936287375064111027e-02
6.940705488336114393e-02
6.944295120717702829e-02
6.948757003514788311e-02
6.952509802923792503e-02
6.956877739780600867e-02
6.960792944828936291e-02
6.965135634326496961e-02
6.969145046832847523e-02
6.973691927506435462e-02
6.977445831987673375e-02
6.982239163550731098e-02
6.986116099158344583e-02
6.990533173163247793e-02
6.994654487911958207e-02
6.999086411956273457e-02
7.003222193701945375e-02
7.007477074136618522e-02
7.011819367780526557e-02
7.016472190030155487e-02
7.020638629314367163e-02
7.025114393710968352e-02
7.029364052369914406e-02
7.033965829301919159e-02
7.037997369368290124e-02
7.042806210971323810e-02
7.046852088490883348e-02
7.051484337396085600e-02
7.055736900822232038e-02
7.060384583176303186e-02
7.064651960033314915e-02
7.069508083531259035e-02
7.073472654302873086e-02
7.078262548272541699e-02
7.082239746912867562e-02
7.087196880519400222e-02
7.091578403587235624e-02
7.096356426516854665e-02
7.100599530381078439e-02
7.105198954864080929e-02
7.109806111027945630e-02
7.114615572960812651e-02
7.118761850045218775e-02
7.123656330207626952e-02
7.127969701381767220e-02
7.132530511813323093e-02
7.136859740619667936e-02
7.141785428108739231e-02
7.146367759283692167e-02
7.151112310583365717e-02
7.155711431301201020e-02
7.160470280809171084e-02
7.164760065720418569e-02
7.169801339237573401e-02
7.174103051046586133e-02
7.178766554237654696e-02
7.183281027204974079e-02
7.188001439265026549e-02
7.192686410128429353e-02
7.197423693868024164e-02
7.201968407808050088e-02
7.206874175185977449e-02
7.211503101012202432e-02
7.216338998776419822e-02
7.220983070752029498e-02
7.225634662674099151e-02
7.230293792822466148e-02
7.234960479536305111e-02
7.239634741214304170e-02
7.244316596315071577e-02
7.249205298913649620e-02
7.253859906158642568e-02
7.258475150547405441e-02
7.263256134827208998e-02
7.267843475285354349e-02
7.272883896421072913e-02
7.277284689523827454e-02
7.282096018834052775e-02
7.286913647407380901e-02
7.291584265803462139e-02
7.296618081624760277e-02
7.301460370971324387e-02
7.306018368387814932e-02
7.310786293784972412e-02
7.315515482775848677e-02
7.320298453173705588e-02
7.324840798419221533e-02
7.329840678052082503e-02
7.334644974797827066e-02
7.339413111189679872e-02
7.344030196607659322e-02
7.349061231173316389e-02
7.353759909706748810e-02
7.358467317792130591e-02
7.363385128948847502e-02
7.368310608922078175e-02
7.372630786368872258e-02
7.377821867142286827e-02
7.382565085129282056e-02
7.387317143361336880e-02
7.392076640983728797e-02
7.396842172752446376e-02
7.401728835223334024e-02
7.406372427687406279e-02
7.411272549868470894e-02
7.416183104946837135e-02
7.420435748328078895e-02
7.425566105372710668e-02
7.430244532953803049e-02
7.434978102090275542e-02
7.440130231847467968e-02
7.444832191590930459e-02
7.449653905323620762e-02
7.454323639259347045e-02
7.459158485696737451e-02
7.463795732034415875e-02
7.468853132803995876e-02
7.473504825588447864e-02
7.478210712882661648e-02
7.482875225996157842e-02
7.487962664289433967e-02
7.492643198233424340e-02
7.497443646204370038e-02
7.502043667487613698e-02
7.507018728904656102e-02
7.511840831042096434e-02
7.516460636836277964e-02
7.521298594104140756e-02
7.526303073447206116e-02
7.530944255825819389e-02
7.535593913790827880e-02
7.540878782609169995e-02
7.545607972521337081e-02
7.550134937771013632e-02
7.554926130820940888e-02
7.559676246577834435e-02
7.564481694484018193e-02
7.569034664975360371e-02
7.574065730602108637e-02
7.578632603269189194e-02
7.583678366623096412e-02
7.588471134390101236e-02
7.593173639823475041e-02
7.597883026265427053e-02
7.603022630422386074e-02
7.607322502676189258e-02
7.612312820232283728e-02
7.617051576671152180e-02
7.622007365478043750e-02
7.626547033319329427e-02
7.631517094121596789e-02
7.636282456391119133e-02
7.640956110531324508e-02
7.645636532872339408e-02
7.650536212915762246e-02
7.655017741050532121e-02
7.660095975064896978e-02
7.664376505003984985e-02
7.669518590067657404e-02
7.674240176251413692e-02
7.678968634838007068e-02
7.683703980842833403e-02
7.688725042924267339e-02
7.693374121279505928e-02
7.698243879234129006e-02
7.702643549210770602e-02
7.707526920898905010e-02
7.711986865626367649e-02
7.717049666163613986e-02
7.721739127248995749e-02
7.726384773970632058e-02
7.731087686367389689e-02
7.736127963281705378e-02
7.740693824071109841e-02
7.745529473002421561e-02
7.750108388091865586e-02
7.754908088068312999e-02
7.759333575895599466e-02
7.764364224814074289e-02
7.769019013780427418e-02
7.773845653389056809e-02
7.778515306589314782e-02
7.783252757158140578e-02
7.787614384907259879e-02
7.792800403681950094e-02
7.796904509631628899e-02
7.802374717844282048e-02
7.806491217865700605e-02
7.811487171889713865e-02
7.816104758963529631e-02
7.820894912969332535e-02
7.825475138566699573e-02
7.830226474292763250e-02
7.834713842617677115e-02
7.839646045660891849e-02
7.843927302795004886e-02
7.848923387809086938e-02
7.853437486175265936e-02
7.858175445522166958e-02
7.862921451517196347e-02
7.867725042939671676e-02
7.872484197274270956e-02
7.877142947809771811e-02
7.881588066849645746e-02
7.886092050456193492e-02
7.890771049449422925e-02
7.895676773189323761e-02
7.899926019269808142e-02
7.904843077388877537e-02
7.909379874083126427e-02
7.914532596127982211e-02
7.918804712259336354e-02
7.923642800120263285e-02
7.927821518739365525e-02
7.932725612961509520e-02
7.937137742470351531e-02
7.942222942401697128e-02
7.946425311543937886e-02
7.951301371692970354e-02
7.955569312672182425e-02
7.960680549033258280e-02
7.964906613759205334e-02
7.969698543851642947e-02
7.974329549825151520e-02
7.979135588959508640e-02
7.983276783546353061e-02
7.988093509896024291e-02
7.992525539269136614e-02
7.997579982476450688e-02
8.001518986889921692e-02
8.006811574185543345e-02
8.011266323398594236e-02
8.016012889116226614e-02
8.020090885813956072e-02
8.024904214496969557e-02
8.029218001026808271e-02
8.033988622024049175e-02
8.038369000372963535e-02
8.043376949394955011e-02
8.047488777408295935e-02
8.052283787568730034e-02
8.056913256563258408e-02
8.061609903489179441e-02
8.065688891888500578e-02
8.070397198889060764e-02
8.074713273474998232e-02
8.079887588464552961e-02
8.083705190111631356e-02
8.088947721919796663e-02
8.093002797330078879e-02
8.097802807308225603e-02
8.102099002335025335e-02
8.107026150105696438e-02
8.111219916319457879e-02
8.115931666698654456e-02
8.120136367728980620e-02
8.125087528354252298e-02
8.128903983734009353e-02
8.134040214743983033e-02
8.138323600158128834e-02
8.143242412300541466e-02
8.147078612334548997e-02
8.151954082965462423e-02
8.156318157598897722e-02
8.160975015205175487e-02
8.165178042754701881e-02
8.170077095310675219e-02
8.174234046510572838e-02
8.178682782302293397e-02
8.182907501857808463e-02
8.187830021845260431e-02
8.191834321749415226e-02
8.196883890051058497e-02
8.201015728207053379e-02
8.205557382715909787e-02
8.209469180929945820e-02
8.214540485267739223e-02
8.218289664129044270e-02
8.223605245471800329e-02
8.227480050451024818e-02
8.232112709124903005e-02
8.236518171349220541e-02
8.241337180604901835e-02
8.245172667481015516e-02
8.249944655955569750e-02
8.254023534708042342e-02
8.258863433672668231e-02
8.262952723454361492e-02
8.267747174337382321e-02
8.271846850299299780e-02
8.276476957014444746e-02
8.280586979771650813e-02
8.285286409762618320e-02
8.289113304424589046e-02
8.294115502680082797e-02
8.298128329830405103e-02
8.302906915029653612e-02
8.306696236175338532e-02
8.311721103129583732e-02
8.315520256770012053e-02
8.320320883748799634e-02
8.324363909779644577e-02
8.329058483245183053e-02
8.332816030849320155e-02
8.337755741665893450e-02
8.341759241197516106e-02
8.346475283918042276e-02
8.350252100434495117e-02
8.355154096913863793e-02
8.358942176787398370e-02
8.363915027217984355e-02
8.367948368752363419e-02
8.372339348424860661e-02
8.376262171195755779e-02
8.381196853520060663e-02
8.385129430424614894e-02
8.389776909374746516e-02
8.393719073183465718e-02
8.398439111302156979e-02
8.402390960814815069e-02
8.406822631946306301e-02
8.411022565751080649e-02
8.415640775359761738e-02
8.419551098302223424e-02
8.424357681071380222e-02
8.428040078916008981e-02
8.432617788402659020e-02
8.436546944320631736e-02
8.441435464456689686e-02
8.445073414775067233e-02
8.449736028765046647e-02
8.453859503190466751e-02
8.458469534044874005e-02
8.462304387362676317e-02
8.466622635227072369e-02
8.470945781912433969e-02
8.475273835759686292e-02
8.479126942446632564e-02
8.483705464211435676e-02
8.487326707369227674e-02
8.492154608677369987e-02
8.496026095370577680e-02
8.500500544822719995e-02
8.504319017219427734e-02
8.508801404512039701e-02
8.512870676396327996e-02
8.517362837666801745e-02
8.521441494395319560e-02
8.525701203995783573e-02
8.529789140722288110e-02
8.534059960899982589e-02
8.538398197887647756e-02
8.542615899616634589e-02
8.546596995365779437e-02
8.550823866726468825e-02
8.554812198333494599e-02
8.559291605298603722e-02
8.562803759591457176e-02
8.567292531128770094e-02
8.571542525020903192e-02
8.575797220094992512e-02
8.579570292680302468e-02
8.584193998026404260e-02
8.588154996604091540e-02
8.592545641158895464e-02
8.596272667005375179e-02
8.600427798522698730e-02
8.604163197817922548e-02
8.608815302498444566e-02
8.613047821257306669e-02
8.617221090471659239e-02
8.621217499171481002e-02
8.625581196780265913e-02
8.629214451953529097e-02
8.633341362904750627e-02
8.637472692061630430e-02
8.641608446523176001e-02
8.645748633403378680e-02
8.649893259831675785e-02
8.653551251141446132e-02
8.658195859926506865e-02
8.661862238678681714e-02
8.666451630102373072e-02
8.669751683011818477e-02
8.674103044426047238e-02
8.678148691359821587e-02
8.682263501588098620e-02
8.686136955380685531e-02
8.690441186246181116e-02
8.694075377852218678e-02
8.698949175268881617e-02
8.702526513199843050e-02
8.706783138542462108e-02
8.710368324820236263e-02
8.714635175403977196e-02
8.718409490576989329e-02
8.722684938729631521e-02
8.726467349163125053e-02
8.730817123955651737e-02
8.734856715888783540e-02
8.738900507329841472e-02
8.742699247784770089e-02
8.746934753622750969e-02
8.750427793657074294e-02
8.754421974098403059e-02
8.758420257199277248e-02
8.762672546725962242e-02
8.766112855387557523e-02
8.770623596693137569e-02
8.774137855283357934e-02
8.778657373788154028e-02
8.782429931156951475e-02
8.786323848105245804e-02
8.790288324226673555e-02
8.794190105823175563e-02
8.798162585486586640e-02
8.802072255574229509e-02
8.806052763048316523e-02
8.810221770526917295e-02
8.813958905218403916e-02
8.818136103652610136e-02
8.821881060498884541e-02
8.825747304493054834e-02
8.829617379310883418e-02
8.833491290648677607e-02
8.837369044214249403e-02
8.841067445414825532e-02
8.844952839335784578e-02
8.849345714534853635e-02
8.852735211093638867e-02
8.857136323087283492e-02
8.860600869767945587e-02
8.864369949108648339e-02
8.868462151117664782e-02
8.872306686359097971e-02
8.876154994654147923e-02
8.880007081559797288e-02
8.883610900864788440e-02
8.887976546266920796e-02
8.891586069675345982e-02
8.895200903073194332e-02
8.899324390511301197e-02
8.903062271966447061e-02
8.906872279237205980e-02
8.910872036584893685e-02
8.914434706507234907e-02
8.918510679279698095e-02
8.922011714367579505e-02
8.926095301532382953e-02
8.929672278200455338e-02
8.933694568400810110e-02
8.937534237212481358e-02
8.941493288812020490e-02
8.945017242147708381e-02
8.948729463156750163e-02
8.952699441242911726e-02
8.956488171196212711e-02
8.959956614237980788e-02
8.963752445470518637e-02
8.967482370702667405e-02
8.971470683847246330e-02
8.975277480097652860e-02
8.978950229784513071e-02
8.982879843215604843e-02
8.986300671417675467e-02
8.990239163258904875e-02
8.993993969254295007e-02
8.997682287687866487e-02
9.001374053685036458e-02
9.005069272081783760e-02
9.009025786705560090e-02
9.012728045119354492e-02
9.016619699834092783e-02
9.020000331896965706e-02
9.023385867389413506e-02
9.027289607312279085e-02
9.031195159550053919e-02
9.034588758630185401e-02
9.038503078131167323e-02
9.042162100922281065e-02
9.046083538180098305e-02
9.049747655984566319e-02
9.053088503284593969e-02
9.056947576694547586e-02
9.060294741939931007e-02
9.064162407504999797e-02
9.067960577715471204e-02
9.071575373020926425e-02
9.075453442129494119e-02
9.078814857288566853e-02
9.082699769995654371e-02
9.086254567457444087e-02
9.090074807029500936e-02
9.093379150422592483e-02
9.097134314630515861e-02
9.100962761679681767e-02
9.104535542779670920e-02
9.108039646999745165e-02
9.111618801588383665e-02
9.115199371797759464e-02
9.118786785609066248e-02
9.122303490163276296e-02
9.126084925067143305e-02
9.129533916117320291e-02
9.133321880365498358e-02
9.137039015379395945e-02
9.140311306309695238e-02
9.143774385491039436e-02
9.147573529957279959e-02
9.151042828928079853e-02
9.154587832539176628e-02
9.158398642949365509e-02
9.161804479095542186e-02
9.165286094578831144e-02
9.169222008636593313e-02
9.172112518385573676e-02
9.175866385461550756e-02
9.179285287136861038e-02
9.183045556559664424e-02
9.186734081929050222e-02
9.190237206303771000e-02
9.193670068670412032e-02
9.197369796491763894e-02
9.200735238864013454e-02
9.204103530458711269e-02
9.207737088526103675e-02
9.211186661032558232e-02
9.214561862258556502e-02
9.218280087969844827e-02
9.221663020513264086e-02
9.225048824425224891e-02
9.228774519233841345e-02
9.232092259049430594e-02
9.235412765266394486e-02
9.239075399704031744e-02
9.242401617404198688e-02
9.245730612070339471e-02
9.249136666696530784e-02
9.252735145616783341e-02
9.256338471932237799e-02
9.259753347458636596e-02
9.263362653242501743e-02
9.266368110069093944e-02
9.270172956643442375e-02
9.273524737296519327e-02
9.276804575358875427e-02
9.280353695426728222e-02
9.283713908117172120e-02
9.287002013634469699e-02
9.290557895689326162e-02
9.294118554098468321e-02
9.297755403219583326e-02
9.300979579967022515e-02
9.304206363268270608e-02
9.307437607045172812e-02
9.310743094870087277e-02
9.314245454871827867e-02
9.317482861176600017e-02
9.320722890052104970e-02
9.324575271203328075e-02
9.327552710678249648e-02
9.331335388004040332e-02
9.334244104248116958e-02
9.337764095297551581e-02
9.341211088783316074e-02
9.344394029941499591e-02
9.347657334072680124e-02
9.351112416566607910e-02
9.354572114306507202e-02
9.357765484594746108e-02
9.361037601223136384e-02
9.364772868669869743e-02
9.367897844875115732e-02
9.371025265969851192e-02
9.374501183358836809e-02
9.377631797443489181e-02
9.381036563601745371e-02
9.384250658557816149e-02
9.387658847251037497e-02
9.390801425764261356e-02
9.394023239610699294e-02
9.397441174360667004e-02
9.400514436130907869e-02
9.403858763717662383e-02
9.407284535192783625e-02
9.410634069658987966e-02
9.413988057671759946e-02
9.416879808102862626e-02
9.420238814548673179e-02
9.423947022515809235e-02
9.426499314916063355e-02
9.430135484672506896e-02
9.433233297830745379e-02
9.436525741456118499e-02
9.439550828063576760e-02
9.443197599249343599e-02
9.446229404566193477e-02
9.449609508659936874e-02
9.452373919395395951e-02
9.456223752617408385e-02
9.459068778147017298e-02
9.462382961481274890e-02
9.465427100780050840e-02
9.468666255127702880e-02
9.471987824678573809e-02
9.475504709875616494e-02
9.478014360393591242e-02
9.481264949174866841e-02
9.484594409197490139e-02
9.487847998148946083e-02
9.490910980618694204e-02
9.494442847429762633e-02
9.497433968763013823e-02
9.500346801661165019e-02
9.503340431878012917e-02
9.507075419659823112e-02
9.509799781704104948e-02
9.512995505151491948e-02
9.515998272508076339e-02
9.519198616985591332e-02
9.522204019080099391e-02
9.525488056880650201e-02
9.528341721631192196e-02
9.531824071253684749e-02
9.534761288661453005e-02
9.537894361331304693e-02
9.541110913340800082e-02
9.544327916363022635e-02
9.547000703254308884e-02
9.550144626000950376e-02
9.553094964466675443e-02
9.556321049924898503e-02
9.559665762292386681e-02
9.562543073405782579e-02
9.565698232615467422e-02
9.568579771982391180e-02
9.571737452176795613e-02
9.574899309836411299e-02
9.577981538803069517e-02
9.581147884797033831e-02
9.584040129634363581e-02
9.587485493267151881e-02
9.590027231980968736e-02
9.593120269008269252e-02
9.595940627812123147e-02
9.599037919295345944e-02
9.601862343720476978e-02
9.605518018443599815e-02
9.608069554735618190e-02
9.611177398014458806e-02
9.614285511527605188e-02
9.617397735303977180e-02
9.620153866400935061e-02
9.623465256592705908e-02
9.626225374984022365e-02
9.629541137736051526e-02
9.631751318085103597e-02
9.635428377162166824e-02
9.638196450639706370e-02
9.641244652076547128e-02
9.644016642686119301e-02
9.647345441271319710e-02
9.650121452661929167e-02
9.653094733906060487e-02
9.655793253826590317e-02
9.659130668984164392e-02
9.661556113343074126e-02
9.664816270120342445e-02
9.667603995424399466e-02
9.670868423584262630e-02
9.673299197866735977e-02
9.676649498740304278e-02
9.679283486817734372e-02
9.682833891975413387e-02
9.685192039738002578e-02
9.688469018291642754e-02
9.690828665660122798e-02
9.693829822901127435e-02
9.696752845791364872e-02
9.700038126648467818e-02
9.702684956686377649e-02
9.705694152597704738e-02
9.708346565930894845e-02
9.711194969686755274e-02
9.713848994403098680e-02
9.717064163086418238e-02
9.719721888562377066e-02
9.722941132166720846e-02
9.725800885739696588e-02
9.728743216302769559e-02
9.731129133556985777e-02
9.734552898599990733e-02
9.737221670988917277e-02
9.739726458927044916e-02
9.742315749180863182e-02
9.745467931040222020e-02
9.748622153372615839e-02
9.751216838709296508e-02
9.753813204727830588e-02
9.756973196387828950e-02
9.759573110787328476e-02
9.762737018567074765e-02
9.764976885954421149e-02
9.767862261770114685e-02
9.770948474175102094e-02
9.773756103098971137e-02
9.776563551962573484e-02
9.779739036093869353e-02
9.781705812550288426e-02
9.784801315548646850e-02
9.787418596641732360e-02
9.790519854089760332e-02
9.793254155566395724e-02
9.796074033583104801e-02
9.798530423240581211e-02
9.801355699037651859e-02
9.804096766200126600e-02
9.806925576400882250e-02
9.809670079680664345e-02
9.812218691239499302e-02
9.815250376783776765e-02
9.818086275729183410e-02
9.820471293429540449e-02
9.823508343860462566e-02
9.825980882631220326e-02
9.828737251114869067e-02
9.831497293680246941e-02
9.834172492385027942e-02
9.836651376236597855e-02
9.839983675750370307e-02
9.842465897172930633e-02
9.844864876589841385e-02
9.847265302581881263e-02
9.850518119218124036e-02
9.853006626266663792e-02
9.855696839674353560e-02
9.858671926261126928e-02
9.861363500741125721e-02
9.863489860930411968e-02
9.866469998749773096e-02
9.868882779015125672e-02
9.871866349142925656e-02
9.874480664599626090e-02
9.877183861022945099e-02
9.879517369276977212e-02
9.882221724262668650e-02
9.884844185944341444e-02
9.887752373564494268e-02
9.890461634407723968e-02
9.893088860501114690e-02
9.895431215585102913e-02
9.898431727532443214e-02
9.900691257737287421e-02
9.903322612408750614e-02
9.905957502876944210e-02
9.908591962572683987e-02
9.911143971041258549e-02
9.914068500396935879e-02
9.916422558530557652e-02
9.919264236437669302e-02
9.921333939867268970e-02
9.924264910012031704e-02
9.926825894144614137e-02
9.929100838816685981e-02
9.931950282057290524e-02
9.934513687226527445e-02
9.937080555714600250e-02
9.939361059490216255e-02
9.942216725262743859e-02
9.944500015923248004e-02
9.946784619357053325e-02
9.949933053657350479e-02
9.952420044015852785e-02
9.954997211902616439e-02
9.957487025381400736e-02
9.959978228955897184e-02
9.962273173895447309e-02
9.964767127718583695e-02
9.967638241853528369e-02
9.970137109401008835e-02
9.972635374954480492e-02
9.975224205188699955e-02
9.977638099008898087e-02
9.980142560975290011e-02
9.982646423405107383e-02
9.985153689629695795e-02
9.987285576308034540e-02
9.990370452182244232e-02
9.992592420031427836e-02
9.995392887333086340e-02
9.997529926526450839e-02
9.999755751665974357e-02
1.000276275377110780e-01
1.000490355728878566e-01
1.000733354327802971e-01
1.000976485089661167e-01
1.001219948920077929e-01
1.001501160856716754e-01
1.001744902148875571e-01
1.001959733887803905e-01
1.002232581960523922e-01
1.002476520587464032e-01
1.002711980312091106e-01
1.002985254080981659e-01
1.003162811640369578e-01
1.003436354971662392e-01
1.003672320794676692e-01
1.003946149986704589e-01
1.004124152010201915e-01
1.004398251625500532e-01
1.004634523621223546e-01
1.004879975381653412e-01
1.005087559541821968e-01
1.005382506515828667e-01
1.005581466880816066e-01
1.005847531263850958e-01
1.006084562009577910e-01
1.006292737991771047e-01
1.006530214142941498e-01
1.006796811706374001e-01
1.007005341851879010e-01
1.007272206629232641e-01
1.007501089785462350e-01
1.007730292519409404e-01
1.007959410474242035e-01
1.008226804448033864e-01
1.008427120882729455e-01
1.008685854362682960e-01
1.008924585825461961e-01
1.009183582134119128e-01
1.009384149140867132e-01
1.009623252199081112e-01
1.009844590150702076e-01
1.010104089088391666e-01
1.010305301733892824e-01
1.010556093407867090e-01
1.010757523998582208e-01
1.011046653113301108e-01
1.011248313578969327e-01
1.011470450155456530e-01
1.011701474631222786e-01
1.011932821268664157e-01
1.012155094495152119e-01
1.012406856475873002e-01
1.012629561584390825e-01
1.012852174149611179e-01
1.013045700864712712e-01
1.013307149524558526e-01
1.013500684125803047e-01
1.013782582202669563e-01
1.014005761399397743e-01
1.014229255540110702e-01
1.014452657368621891e-01
1.014637886599652483e-01
1.014890958582772840e-01
1.015105849896495993e-01
1.015359162706058888e-01
1.015583325390809616e-01
1.015798338382334770e-01
1.016022516605058629e-01
1.016237945026305378e-01
1.016433037788723875e-01
1.016707295652780202e-01
1.016923046841609612e-01
1.017109371207241958e-01
1.017354657008495838e-01
1.017541175375756696e-01
1.017786683724223179e-01
1.018002955747253913e-01
1.018219127592107642e-01
1.018435403826711272e-01
1.018710946092508673e-01
1.018898062435804053e-01
1.019105539408499961e-01
1.019351838982996417e-01
1.019530116068517872e-01
1.019776635207487042e-01
1.019984718776222182e-01
1.020172409824168236e-01
1.020439548254279405e-01
1.020627643681461111e-01
1.020865364111634283e-01
1.021044289887934053e-01
1.021282423647689591e-01
1.021491202013166955e-01
1.021700077809052226e-01
1.021908845687875961e-01
1.022147403635617485e-01
1.022386072988963751e-01
1.022595147358471429e-01
1.022804525018116417e-01
1.023014000524817418e-01
1.023223368243456888e-01
1.023394103827120205e-01
1.023624191713339154e-01
1.023863592891572777e-01
1.024034589229397690e-01
1.024274196311179275e-01
1.024475131517749438e-01
1.024685176811024889e-01
1.024915872392194865e-01
1.025155906014817014e-01
1.025327429149775066e-01
1.025528831608704672e-01
1.025730118569493365e-01
1.025961311740646309e-01
1.026123917762909316e-01
1.026385130563089165e-01
1.026586790437668817e-01
1.026758905688850976e-01
1.026990589754114697e-01
1.027222378400144270e-01
1.027454271697782195e-01
1.027617456884299951e-01
1.027819873251519661e-01
1.028012885216566530e-01
1.028215273750565928e-01
1.028408663861856281e-01
1.028632039646469182e-01
1.028804793285898050e-01
1.029058062072527174e-01
1.029260910427768766e-01
1.029424812906480496e-01
1.029648448982602299e-01
1.029872182246910073e-01
1.030066272218610468e-01
1.030260239300548747e-01
1.030484251528809847e-01
1.030648633932703950e-01
1.030872828104916483e-01
1.031097119835038545e-01
1.031261742932171183e-01
1.031447076335209184e-01
1.031671637547808135e-01
1.031856927893572556e-01
1.032051869377752090e-01
1.032237318156951356e-01
1.032492268479465319e-01
1.032648064666498444e-01
1.032843137201730904e-01
1.033058954050300460e-01
1.033284250420037492e-01
1.033470402464490290e-01
1.033626568874211060e-01
1.033842732060677172e-01
1.034028909623072728e-01
1.034245247437206860e-01
1.034401706711487595e-01
1.034648308056874827e-01
1.034804917221215370e-01
1.035021598725349989e-01
1.035238370991925505e-01
1.035395202183491958e-01
1.035602709443454728e-01
1.035819737801699919e-01
1.035967346729016608e-01
1.036154395689301982e-01
1.036371674286529626e-01
1.036549642714083841e-01
1.036767093408489382e-01
1.036975175113137027e-01
1.037162628451349100e-01
1.037340901872519094e-01
1.037489058826425586e-01
1.037697454634673305e-01
1.037905934178814243e-01
1.038093773107031798e-01
1.038272414460777310e-01
1.038450918534644385e-01
1.038659928304104807e-01
1.038838582108609632e-01
1.038987280090265392e-01
1.039196314650820824e-01
1.039405433339912060e-01
1.039605125160128624e-01
1.039754095831942338e-01
1.039963451235543512e-01
1.040142617778392065e-01
1.040372889413911095e-01
1.040522133456440040e-01
1.040731810460662765e-01
1.040871651109334384e-01
1.041111574645905286e-01
1.041281852473062014e-01
1.041451986088569037e-01
1.041622395028222459e-01
1.041802213362562207e-01
1.041972756970617198e-01
1.042173494807380890e-01
1.042374310004021143e-01
1.042554630443732477e-01
1.042725242100069338e-01
1.042895919544962469e-01
1.043097030797685149e-01
1.043268055968784164e-01
1.043429351586314946e-01
1.043630680329139110e-01
1.043832297076718457e-01
1.043972987298386196e-01
1.044204940481309324e-01
1.044406574493704082e-01
1.044538061067562668e-01
1.044739835474090689e-01
1.044871432968426522e-01
1.045073347923588386e-01
1.045235493765689916e-01
1.045407112126941346e-01
1.045599618730772007e-01
1.045801826983849270e-01
1.045933769202025271e-01
1.046126481022345983e-01
1.046328904877033422e-01
1.046491284934830124e-01
1.046653935796032775e-01
1.046816646638378534e-01
1.046979206484074110e-01
1.047172326196053188e-01
1.047365517164645654e-01
1.047528479404704893e-01
1.047691290629432087e-01
1.047884684377470704e-01
1.048078149535952852e-01
1.048210830050182729e-01
1.048394745367262487e-01
1.048588410173506014e-01
1.048751596211412035e-01
1.048905362461614171e-01
1.049099227236121035e-01
1.049293163686297742e-01
1.049447108930785244e-01
1.049610601634432261e-01
1.049764658179790366e-01
1.049928268605806736e-01
1.050112819289972244e-01
1.050266835064164461e-01
1.050451721960504597e-01
1.050646187036073653e-01
1.050800379329507039e-01
1.050985247494434366e-01
1.051109138637513207e-01
1.051303864204610194e-01
1.051488920332796367e-01
1.051643610199523710e-01
1.051828791324756901e-01
1.051983383418426121e-01
1.052097828451487999e-01
1.052283185758186995e-01
1.052468608388440752e-01
1.052654096376777620e-01
1.052778500076418378e-01
1.052994582164681475e-01
1.053119302154690851e-01
1.053264561730795218e-01
1.053450351994485584e-01
1.053626424294370201e-01
1.053741342742897241e-01
1.053958030107500499e-01
1.054113347044536991e-01
1.054289651299721575e-01
1.054445292870563045e-01
1.054621500592480415e-01
1.054736704143374726e-01
1.054953790999955815e-01
1.055069089815934974e-01
1.055245734471982888e-01
1.055422438287307862e-01
1.055599201291627515e-01
1.055745460972752903e-01
1.055891556669017739e-01
1.056068487139038697e-01
1.056193941966704353e-01
1.056401780506351362e-01
1.056538245039052859e-01
1.056684809323233387e-01
1.056862021187165157e-01
1.057008475704272615e-01
1.057175948341527588e-01
1.057291889776079685e-01
1.057469320822285730e-01
1.057646811430206502e-01
1.057793732674864873e-01
1.057930621596940984e-01
1.058138916387054568e-01
1.058245474475379144e-01
1.058423241227343381e-01
1.058591186895980613e-01
1.058759185870748742e-01
1.058844706409154124e-01
1.059043682949241533e-01
1.059190840743030187e-01
1.059389937306117885e-01
1.059496404875577280e-01
1.059705515542998105e-01
1.059812281948999541e-01
1.059980693244398364e-01
1.060149158071677505e-01
1.060317676456363767e-01
1.060424608081212555e-01
1.060593223856069744e-01
1.060730956250350854e-01
1.060899888500601435e-01
1.061037713502170771e-01
1.061175796538917082e-01
1.061375408509651619e-01
1.061534398197478413e-01
1.061641658677038719e-01
1.061810681398920597e-01
1.061948996162883491e-01
1.062108171617833358e-01
1.062246362122027110e-01
1.062384811101867860e-01
1.062544126505375469e-01
1.062682451252409677e-01
1.062841860594256477e-01
1.063042295255200997e-01
1.063170793449291773e-01
1.063299544855092343e-01
1.063438096484387307e-01
1.063597741910769084e-01
1.063767417704550855e-01
1.063865300111641737e-01
1.064025083130688831e-01
1.064194905186128942e-01
1.064292896853841208e-01
1.064452817651250077e-01
1.064581939493097484e-01
1.064741951809034942e-01
1.064902012233610307e-01
1.065092981724333060e-01
1.065191196850484440e-01
1.065351612157642708e-01
1.065449680600080024e-01
1.065609967894301513e-01
1.065770303423334703e-01
1.065920661808176240e-01
1.066081090854137103e-01
1.066210455096337217e-01
1.066340073616332540e-01
1.066521723756465589e-01
1.066651211584424691e-01
1.066811869973792182e-01
1.066941655975854053e-01
1.067061217564723302e-01
1.067222008850176179e-01
1.067341860507622919e-01
1.067492684596962615e-01
1.067622451781842785e-01
1.067742411993947149e-01
1.067934374951617221e-01
1.068054414320026152e-01
1.068184342085270466e-01
1.068304451893710566e-01
1.068486535820484251e-01
1.068585610421460969e-01
1.068736808249597520e-01
1.068888048870786645e-01
1.069008344408371863e-01
1.069128458051107622e-01
1.069311031005436841e-01
1.069400220463418288e-01
1.069582667569547035e-01
1.069713247174220727e-01
1.069823443814895275e-01
1.069943991172571801e-01
1.070157857921002625e-01
1.070247243222557099e-01
1.070398933719276524e-01
1.070550667221504826e-01
1.070661067366633218e-01
1.070781834910611297e-01
1.070933685832148596e-01
1.071085579828697509e-01
1.071196112391599453e-01
1.071348085281591533e-01
1.071469034845608514e-01
1.071610951274066803e-01
1.071763046313750495e-01
1.071873744990420180e-01
1.072025919085356077e-01
1.072136899602564031e-01
1.072289152847414606e-01
1.072400198732594012e-01
1.072552531191358210e-01
1.072663425764881495e-01
1.072805675342990567e-01
1.072947962654502985e-01
1.073069121035170187e-01
1.073180360894404051e-01
1.073322755907845094e-01
1.073433842039432096e-01
1.073617837246449852e-01
1.073729210060072048e-01
1.073840395446910984e-01
1.073982973978579586e-01
1.074094222592318071e-01
1.074268244656777505e-01
1.074348401711522627e-01
1.074491123492631317e-01
1.074633883198523043e-01
1.074745292218989429e-01
1.074888123648312932e-01
1.074999813334660825e-01
1.075163691499073232e-01
1.075244041439976234e-01
1.075418422993282830e-01
1.075530024181939881e-01
1.075631653746699778e-01
1.075712107924426258e-01
1.075917851043243778e-01
1.075988138630406543e-01
1.076162537605846459e-01
1.076274542363369474e-01
1.076407567359098372e-01
1.076519633491445360e-01
1.076652505321233633e-01
1.076754391601439514e-01
1.076897786779436317e-01
1.076999511860461667e-01
1.077142976528688706e-01
1.077307697818694898e-01
1.077419984143318799e-01
1.077521826127417759e-01
1.077655175172027441e-01
1.077788557226019295e-01
1.077890700552773251e-01
1.078034411100815132e-01
1.078136393181121783e-01
1.078238400518949092e-01
1.078340651132362743e-01
1.078474218490107633e-01
1.078607818940269247e-01
1.078751733370922200e-01
1.078875119167046204e-01
1.079008818968281852e-01
1.079111241105760732e-01
1.079244785123616851e-01
1.079347261908926853e-01
1.079449764105741422e-01
1.079552073444499244e-01
1.079685956686459170e-01
1.079819873140230452e-01
1.079922266464195396e-01
1.080077498174387557e-01
1.080211511779766015e-01
1.080335246166995028e-01
1.080406399376087206e-01
1.080540502428476018e-01
1.080674638775482727e-01
1.080798486504119527e-01
1.080869731892904057e-01
1.080993631561269624e-01
1.081127888260387943e-01
1.081251847123938931e-01
1.081323182873248634e-01
1.081478799263370372e-01
1.081581570971083817e-01
1.081705641125481482e-01
1.081798341833188071e-01
1.081932591436156332e-01
1.082056964599543702e-01
1.082159869130468050e-01
1.082284079239025504e-01
1.082408317864484715e-01
1.082532585016662829e-01
1.082656880705394481e-01
1.082791566582281678e-01
1.082852840204300421e-01
1.082977216697072198e-01
1.083101621764903377e-01
1.083226055417631228e-01
1.083319071949736812e-01
1.083443340052291648e-01
1.083536402936093185e-01
1.083660943771463103e-01
1.083754053064956840e-01
1.083878647558453451e-01
1.084034738112353430e-01
1.084127922509735831e-01
1.084220909028080215e-01
1.084345614541383646e-01
1.084438866856936440e-01
1.084553228435490013e-01
1.084646305791812371e-01
1.084771116459502388e-01
1.084864459776298945e-01
1.084978917810055787e-01
1.085135311694711974e-01
1.085228728280682592e-01
1.085343263195305274e-01
1.085436504759507564e-01
1.085529987408484498e-01
1.085644592603383640e-01
1.085769644054358773e-01
1.085884299861176461e-01
1.086009406543445993e-01
1.086092358780093303e-01
1.086207086111671549e-01
1.086300729395171805e-01
1.086415504087795136e-01
1.086508972260041977e-01
1.086623794321133069e-01
1.086749082433010327e-01
1.086863955251986397e-01
1.086947290293783785e-01
1.087062208358364895e-01
1.087176930756996451e-01
1.087270777748924472e-01
1.087385767591680652e-01
1.087468982659826194e-01
1.087584237860255570e-01
1.087709758522476811e-01
1.087793035085107690e-01
1.087908142137201245e-01
1.088023273552447129e-01
1.088106829921003937e-01
1.088253609503352787e-01
1.088368814054493927e-01
1.088420603839663908e-01
1.088535850469581207e-01
1.088651121507695357e-01
1.088734577142896620e-01
1.088850113993345692e-01
1.088923122143587580e-01
1.089038481945800996e-01
1.089153866192894282e-01
1.089269274892632200e-01
1.089321208998306756e-01
1.089458026176033378e-01
1.089541636497018129e-01
1.089657134126359173e-01
1.089804529205837536e-01
1.089877697610765472e-01
1.089961607686387723e-01
1.090045314940168986e-01
1.090182080231764244e-01
1.090297937735819622e-01
1.090371191121657368e-01
1.090455196445902358e-01
1.090592056679841465e-01
1.090707783876147391e-01
1.090749422011290937e-01
1.090865189358596610e-01
1.090970674547502295e-01
1.091054573742962497e-01
1.091191575044050677e-01
1.091307436271721498e-01
1.091381082269792524e-01
1.091486449292286554e-01
1.091570445392975736e-01
1.091675852068013652e-01
1.091749562805566648e-01
1.091865552695082953e-01
1.091971019438319757e-01
1.092044559701350614e-01
1.092150064117448915e-01
1.092255588921461212e-01
1.092361134119306659e-01
1.092477257398864476e-01
1.092551104010362484e-01
1.092656709398548559e-01
1.092762335204221641e-01
1.092836009559047805e-01
1.092941673126193863e-01
1.093015600348897359e-01
1.093121301720219735e-01
1.093227023537474418e-01
1.093332765806600410e-01
1.093406538102604381e-01
1.093512318198392452e-01
1.093586343548768880e-01
1.093692161514007583e-01
1.093829781323978345e-01
1.093925056208882168e-01
1.093967140751670869e-01
1.094073035525570115e-01
1.094178950802440903e-01
1.094242495952789940e-01
1.094348447123025536e-01
1.094486221104700452e-01
1.094528384039832464e-01
1.094655821576692306e-01
1.094729819924499387e-01
1.094804054288202322e-01
1.094931329966919165e-01
1.095005597520752189e-01
1.095069046591896772e-01
1.095207214971429810e-01
1.095270693312111882e-01
1.095376852996262640e-01
1.095483033261577810e-01
1.095578613102191901e-01
1.095652991654905012e-01
1.095780447547175379e-01
1.095844232904362031e-01
1.095918435489262877e-01
1.096046171108004674e-01
1.096088551606338446e-01
1.096216103635526407e-01
1.096279956114859511e-01
1.096418184843752780e-01
1.096482066742417161e-01
1.096577829368339668e-01
1.096652157158587021e-01
1.096747952301934947e-01
1.096811885952054949e-01
1.096939592804993535e-01
1.097003554372183998e-01
1.097067304934862958e-01
1.097173831837313096e-01
1.097301838433734494e-01
1.097365632404227742e-01
1.097429659790374323e-01
1.097557500041440037e-01
1.097621333096752694e-01
1.097717528370436152e-01
1.097813518127295634e-01
1.097845478324826346e-01
1.097941496062765365e-01
1.098069448174461143e-01
1.098165502302656249e-01
1.098229650075748798e-01
1.098325735027827488e-01
1.098389685570114460e-01
1.098485801342307805e-01
1.098549999601208249e-01
1.098635462438985883e-01
1.098731624027342868e-01
1.098827802450884628e-01
1.098891829914611790e-01
1.098988039205437833e-01
1.099084265344220795e-01
1.099137860548090040e-01
1.099266071812105977e-01
1.099330387761359024e-01
1.099415977063016026e-01
1.099512280959006050e-01
1.099608601728049306e-01
1.099662042134051665e-01
1.099758391965914572e-01
1.099854758683153494e-01
1.099940432166329612e-01
1.100036830790286357e-01
1.100122532642027057e-01
1.100154769006309458e-01
1.100240494238634847e-01
1.100369164956585266e-01
1.100454921094560778e-01
1.100519193531808992e-01
1.100604975568449800e-01
1.100669494795841336e-01
1.100755302760980658e-01
1.100819622842631740e-01
1.100905456731359755e-01
1.101023538905793464e-01
1.101077164671269704e-01
1.101173773927728167e-01
1.101227643409369711e-01
1.101313543439075004e-01
1.101410196992384100e-01
1.101463874888168604e-01
1.101549814293625446e-01
1.101678768120635948e-01
1.101700444801482631e-01
1.101818461391512183e-01
1.101904456139766730e-01
1.101958421547949429e-01
1.102012172092766695e-01
1.102141228187223376e-01
1.102227275829659459e-01
1.102313336909173519e-01
1.102367132480841089e-01
1.102453217923231310e-01
1.102507256217143267e-01
1.102625429149524938e-01
1.102647200303383118e-01
1.102765626077594069e-01
1.102819482198669210e-01
1.102937939937682077e-01
1.102991817938357294e-01
1.103045927876580568e-01
1.103164207547694259e-01
1.103218339416243282e-01
1.103272256176654198e-01
1.103390804861880820e-01
1.103401871138147555e-01
1.103520223712955023e-01
1.103574404047390073e-01
1.103692788619853038e-01
1.103746990921126991e-01
1.103833304602586385e-01
1.103940945248183814e-01
1.103995179146208400e-01
1.104049197788015829e-01
1.104167897664510289e-01
1.104211140406234914e-01
1.104265411884936682e-01
1.104351811713737974e-01
1.104491890592224773e-01
1.104513847839173890e-01
1.104600286550070781e-01
1.104675931521118815e-01
1.104697908114153915e-01
1.104805704873762229e-01
1.104924552246651648e-01
1.104968102921368434e-01
1.105022250075255313e-01
1.105097957272442172e-01
1.105184492486978171e-01
1.105260221917631486e-01
1.105346782547453610e-01
1.105400979505322123e-01
1.105476740827277954e-01
1.105520354936351812e-01
1.105606961374322600e-01
1.105682753139538288e-01
1.105758555296854628e-01
1.105812807876806469e-01
1.105888630089118391e-01
1.105943125004704847e-01
1.106018967295909761e-01
1.106094819989903166e-01
1.106181521523909861e-01
1.106257396516813069e-01
1.106333281919226613e-01
1.106409177733316818e-01
1.106495928558284131e-01
1.106571846690288796e-01
1.106647775240690024e-01
1.106723714211649279e-01
1.106799663605284589e-01
1.106854052100035013e-01
1.106897820183504189e-01
1.106973797912112062e-01
1.107081991918954789e-01
1.107125784664400037e-01
1.107169583422974724e-01
1.107277813157780955e-01
1.107321403900974471e-01
1.107408305461052428e-01
1.107516799451346567e-01
1.107592862180402232e-01
1.107636486965754563e-01
1.107680342292417103e-01
1.107756431930562308e-01
1.107832532023048794e-01
1.107876185262726687e-01
1.107941653896638845e-01
1.108050018483451304e-01
1.108093695238334120e-01
1.108169843908761998e-01
1.108213759571605173e-01
1.108289926961409239e-01
1.108366104821883746e-01
1.108442293155189468e-01
1.108475129025214140e-01
1.108583813566608040e-01
1.108627775375654462e-01
1.108703777131034018e-01
1.108780014129462504e-01
1.108856486419468185e-01
1.108889359931134744e-01
1.108997891907828881e-01
1.109041899907741713e-01
1.109118185634793974e-01
1.109118809723425719e-01
1.109259886974443138e-01
1.109292797198192237e-01
1.109369344606270652e-01
1.109477959750625603e-01
1.109478605261690481e-01
1.109554955539282656e-01
1.109631316325896816e-01
1.109696776794673739e-01
1.109773157103792346e-01
1.109806114762616897e-01
1.109882737403872360e-01
1.109948004392852239e-01
1.110024646599791914e-01
1.110100849190686911e-01
1.110166592089265464e-01
1.110242814199830924e-01
1.110276039623025596e-01
1.110352504162697845e-01
1.110418053579976944e-01
1.110418755215006742e-01
1.110560103871216370e-01
1.110593133294116297e-01
1.110669643760052588e-01
1.110767781223006706e-01
1.110768503732848661e-01
1.110877368174175150e-01
1.110910652009627630e-01
1.110987208460043618e-01
1.111052836673322997e-01
1.111118472640641036e-01
1.111151778913518212e-01
1.111228145491568176e-01
1.111293804098240495e-01
1.111359695830979460e-01
1.111425144591559749e-01
1.111469426575110442e-01
1.111535115610476493e-01
1.111600812410890732e-01
1.111666516977721370e-01
1.111732229312352438e-01
1.111808903522223113e-01
1.111809688344038288e-01
1.111940369633547532e-01
1.112006114348833147e-01
1.112006910970873841e-01
1.112072667396334230e-01
1.112149393055683194e-01
1.112215166333538757e-01
1.112280947391608016e-01
1.112346736231273753e-01
1.112412532853912228e-01
1.112478337260906919e-01
1.112544149453639497e-01
1.112577586706057081e-01
1.112610802261904813e-01
1.112676633974478274e-01
1.112774861953768069e-01
1.112840711165958979e-01
1.112874175862601928e-01
1.112940038746723370e-01
1.113005909427191159e-01
1.113060807617456266e-01
1.113126692594821471e-01
1.113159958023985929e-01
1.113225856671749003e-01
1.113259357708509117e-01
1.113325270044670801e-01
1.113391190186185237e-01
1.113457118134442980e-01
1.113512064055810352e-01
1.113578006320033315e-01
1.113643956394932549e-01
1.113709914281890839e-01
1.113775879982298878e-01
1.113830857368915545e-01
1.113896837397587852e-01
1.113962825243644678e-01
1.113996167142665972e-01
1.114051167891506600e-01
1.114084744625214451e-01
1.114183191850017240e-01
1.114205776211036752e-01
1.114271804524259724e-01
1.114337840663679052e-01
1.114403884630686264e-01
1.114426258968950201e-01
1.114524985571473115e-01
1.114580040154832669e-01
1.114613665159006617e-01
1.114647068044199302e-01
1.114702137907150614e-01
1.114768228925929611e-01
1.114823310761891700e-01
1.114856959495865163e-01
1.114944509963504277e-01
1.115010629726881780e-01
1.115076757332949947e-01
1.115131869663291697e-01
1.115132854156488801e-01
1.115187975252954627e-01
1.115275796887220672e-01
1.115341731623171462e-01
1.115396871766325404e-01
1.115430572828925576e-01
1.115485723362558829e-01
1.115551911202156410e-01
1.115574594290595495e-01
1.115662241724484083e-01
1.115728450513946840e-01
1.115751145923239290e-01
1.115817367193510240e-01
1.115872331216126306e-01
1.115927753447103904e-01
1.115961277629006487e-01
1.116048977144766113e-01
1.116104416888736572e-01
1.116137956866718878e-01
1.116160682194416026e-01
1.116248409802055863e-01
1.116303644467941253e-01
1.116304699693713987e-01
1.116425179976325011e-01
1.116480432138058226e-01
1.116470446493966623e-01
1.116602006146447806e-01
1.116592025432642521e-01
1.116647297340365719e-01
1.116702574720332131e-01
1.116757857573363044e-01
1.116845664258478699e-01
1.116879499119226432e-01
1.116934799491523106e-01
1.116990105340297107e-01
1.117045416666365282e-01
1.117068206738613817e-01
1.117123300756382720e-01
1.117178853562711127e-01
1.117233958517988429e-01
1.117300590388861509e-01
1.117323172269205911e-01
1.117378519821253108e-01
1.117433872856948146e-01
1.117489231377113562e-01
1.117544595382552741e-01
1.117599964874084750e-01
1.117622568301208791e-01
1.117710720318687845e-01
1.117733331474216607e-01
1.117821497717453455e-01
1.117876894651685937e-01
1.117866964557805709e-01
1.117987704993933656e-01
1.117966696934345611e-01
1.118022111500034110e-01
1.118077531559493465e-01
1.118132957113540382e-01
1.118221177260399490e-01
