6.333611949437145498e-03
6.253967826485409658e-03
6.183293882076095621e-03
6.118149835274748483e-03
6.056340739572527686e-03
5.992169828428589931e-03
5.925667877273699778e-03
5.854543635890721402e-03
5.785562319321316087e-03
5.719960004514410175e-03
5.658725461406766827e-03
5.597376573199193232e-03
5.538247351495510264e-03
5.475628054345603284e-03
5.417509252373995006e-03
5.355878392457848886e-03
5.300997235328209177e-03
5.241519383458810750e-03
5.187660424419230851e-03
5.130306415615835426e-03
5.080833852353893072e-03
5.025562289910680443e-03
4.978238300828139590e-03
4.926289802558141834e-03
4.881140465531821383e-03
4.831346493755422217e-03
4.792972175959094028e-03
4.744231427899258356e-03
4.706886788961775654e-03
4.662634206203093365e-03
4.626299545474128055e-03
4.585331097660370892e-03
4.553515291298107330e-03
4.513625958124108106e-03
4.482862880957459543e-03
4.445191388806797768e-03
4.420121102583379237e-03
4.382366016702285774e-03
4.359563952190772737e-03
4.324040775159602654e-03
4.302253903806188551e-03
4.268925552488803642e-03
4.249413610241115080e-03
4.218333784980031823e-03
4.199894761161770788e-03
4.169929266721776780e-03
4.153778201221454761e-03
4.127188575542420530e-03
4.112190350720600074e-03
4.085558825199937447e-03
4.070460294286344996e-03
4.047231150453000845e-03
4.033292507736635675e-03
4.011122088426541041e-03
3.999466506800517483e-03
3.977303914989212610e-03
3.966763836235650056e-03
3.945691735002085539e-03
3.936324585480119841e-03
3.916400513736304802e-03
3.908101299533348408e-03
3.889262325221227654e-03
3.880924011367252631e-03
3.864434321386411332e-03
3.857279864405834154e-03
3.839495562883621718e-03
3.832318385448927039e-03
3.816905132406888616e-03
3.810863610198719515e-03
3.796591398009358746e-03
3.791675160339999084e-03
3.777321440504338452e-03
3.771228940519922961e-03
3.756860716204134948e-03
3.754232806422409894e-03
3.741040088943814283e-03
3.737277725272246560e-03
3.725209922108474372e-03
3.721394268047297730e-03
3.710508022937221949e-03
3.706639728405344576e-03
3.696871894375055364e-03
3.691825275942257900e-03
3.683231942044483571e-03
3.679339651537862511e-03
3.670729662328499083e-03
3.666839179418452613e-03
3.659382072782408225e-03
3.656678083960144404e-03
3.648035939884930294e-03
3.644071231849785059e-03
3.638970193647224176e-03
3.636168965043415791e-03
3.628683670419697357e-03
3.625860528627723907e-03
3.619536026756129017e-03
3.617933677861600011e-03
3.609178904712154363e-03
3.608799325358617860e-03
3.601207230109155187e-03
3.601948584800780933e-03
3.595550548515594365e-03
3.595110275793451764e-03
3.587467906144919082e-03
3.587022744695678861e-03
3.580589492536541407e-03
3.581322021022251712e-03
3.574878625275658157e-03
3.573201733105898711e-03
3.567930719341518182e-03
3.567434362316635431e-03
3.562156188926733982e-03
3.561615459274075548e-03
3.557527903854159918e-03
3.557011883245716696e-03
3.551675947806077777e-03
3.552370574106555271e-03
3.548256199238757069e-03
3.546544497965719005e-03
3.543625805070609036e-03
3.541829891798899729e-03
3.537675049323951715e-03
3.537079237669024916e-03
3.532917453719377175e-03
3.534774321112125247e-03
3.530606900393170981e-03
3.531241797942183316e-03
3.525805719913442139e-03
3.526492819821281169e-03
3.523454596696255856e-03
3.522891998078020621e-03
3.519863851392122846e-03
3.519216446328710026e-03
3.516211419000068138e-03
3.516802351434972565e-03
3.513751693660985709e-03
3.513166999637916572e-03
3.510152521531760810e-03
3.510741529229786679e-03
3.506437144246127464e-03
3.508230631812770707e-03
3.503935861525136943e-03
3.505729911631214057e-03
3.502634747587008920e-03
3.501976683446357194e-03
3.498863393273237820e-03
3.500671544350916677e-03
3.497567386493087137e-03
3.498126798829512794e-03
3.495046635414837850e-03
3.494315036001767114e-03
3.492414007834883458e-03
3.491708911727908499e-03
3.491016130799311484e-03
3.491534753395931709e-03
3.487161346759922766e-03
3.487665504564220736e-03
3.486997931952222785e-03
3.486259268709126797e-03
3.484346420887424016e-03
3.483621337905334035e-03
3.481653037736318762e-03
3.482129832060089705e-03
3.480184938867528308e-03
3.481921551582914560e-03
3.481180368622380835e-03
3.479177113068898826e-03
3.477213772309804482e-03
3.476469123698225534e-03
3.475723730068461855e-03
3.476173304949781509e-03
3.474165301561269858e-03
3.475866546826216451e-03
3.472603807247004806e-03
3.473039630751121286e-03
3.471026144057665422e-03
3.471474723237039268e-03
3.469458483940901158e-03
3.469948874666473840e-03
3.467900838724823857e-03
3.467068413107553173e-03
3.467518982815127188e-03
3.466643343212033167e-03
3.465877607046640406e-03
3.466272853149351789e-03
3.464219913349364174e-03
3.464627883267980962e-03
3.462572150321073430e-03
3.462966569504005200e-03
3.460908037851269381e-03
3.462565107363375048e-03
3.460478080279074525e-03
3.462067763943026989e-03
3.459978512895024033e-03
3.460346465966158015e-03
3.458254391327994330e-03
3.458664387289929476e-03
3.456513791227526240e-03
3.456880795459710970e-03
3.454783054323405916e-03
3.456405519819747644e-03
3.454265969168905919e-03
3.454592989010387728e-03
3.453692052754125247e-03
3.454032323868160264e-03
3.453172968804409972e-03
3.453513315957725763e-03
3.451323628590412858e-03
3.451706178538182634e-03
3.450801331404331363e-03
3.449855928185561766e-03
3.447663523376462077e-03
3.449252046096896573e-03
3.448317867619975653e-03
3.447369571438948285e-03
3.447668835594760138e-03
3.448011288267312322e-03
3.445795538350762601e-03
3.446137444580523162e-03
3.445185941446094174e-03
3.444207011247006709e-03
3.443240466008447298e-03
3.444794430715661208e-03
3.443813984896804733e-03
3.444086248214116644e-03
3.443160975053916311e-03
3.440867282483061045e-03
3.441181703028972898e-03
3.441466573257311642e-03
3.440468604377285976e-03
3.439456415836396590e-03
3.441001712071066997e-03
3.438674143365183077e-03
3.438961751850545725e-03
3.437947067824995845e-03
3.436918134794667793e-03
3.435901620670808038e-03
3.437449480380156200e-03
3.436418937807661066e-03
3.435400827507207201e-03
3.436910453381104413e-03
3.435864923123522346e-03
3.433497890591704748e-03
3.433801146049196389e-03
3.434004376333385945e-03
3.434221170069892519e-03
3.430569824325717127e-03
3.432095378476726980e-03
3.431031076508507180e-03
3.432558188013732237e-03
3.431479743262058103e-03
3.430417136981562653e-03
3.430562566099068945e-03
3.429498642619213493e-03
3.429687444721044552e-03
3.429893228103805640e-03
3.428810801696627938e-03
3.427713995913754010e-03
3.427888907919477042e-03
3.426847927908220105e-03
3.426982283493204464e-03
3.427173984789480803e-03
3.424728527858904737e-03
3.426194835019411716e-03
3.425066654544497210e-03
3.423937507174045543e-03
3.422807391665238803e-03
3.424275390397038543e-03
3.424422592927046319e-03
3.423335162259341386e-03
3.423455111885097702e-03
3.422295392633851758e-03
3.423725802209475789e-03
3.421284377422910764e-03
3.420078252461567284e-03
3.421553584275757905e-03
3.419064094140663451e-03
3.419226672198719900e-03
3.419345288956981022e-03
3.419508123598070937e-03
3.419599901108073305e-03
3.418393065127483740e-03
3.417198766127806792e-03
3.417320350860413372e-03
3.416111078414101922e-03
3.416245858893355788e-03
3.415004440083650641e-03
3.416471492757559500e-03
3.413926687482196892e-03
3.416639633866263692e-03
3.415413494266798453e-03
3.415507595025389989e-03
3.414279992404832455e-03
3.415678825510315170e-03
3.413100250036103008e-03
3.413207152746740736e-03
3.411976597099371407e-03
3.412069532098733777e-03
3.409498864979110429e-03
3.412224753030635403e-03
3.410920068077608232e-03
3.410985500156028197e-03
3.409723804206832558e-03
3.409802429226763913e-03
3.408481047546069176e-03
3.409901650524799731e-03
3.407294525015487630e-03
3.408657535510358980e-03
3.407378212973424456e-03
3.408755995197417822e-03
3.407448387903876108e-03
3.407499039232257231e-03
3.406189905685554336e-03
3.404893396204955978e-03
3.403595856960199995e-03
3.404934398054962775e-03
3.404939365605131728e-03
3.404989139769660882e-03
3.403675904183270894e-03
3.403680376868174762e-03
3.402338224110362623e-03
3.405016703196055497e-03
3.401029649387102543e-03
3.402344004068237355e-03
3.401012944725182764e-03
3.402328314916307911e-03
3.400996214075989021e-03
3.400958493968860540e-03
3.399624820213555890e-03
3.401000437198392883e-03
3.398282602439830092e-03
3.399572528440228218e-03
3.398208792743246699e-03
3.399499675930915676e-03
3.396790843856513972e-03
3.398127296239619559e-03
3.396760913939779730e-03
3.398053226438152354e-03
3.395339675274648087e-03
3.396632441198080363e-03
3.396596747849173203e-03
3.396515807947494622e-03
3.395118139066071079e-03
3.396385220866679575e-03
3.393668796970174609e-03
3.394950071371395650e-03
3.392185748641256444e-03
3.393453644233108968e-03
3.393430433480630962e-03
3.393334255201855328e-03
3.391903572833307196e-03
3.393173266405807766e-03
3.391727653324538762e-03
3.391662307435964422e-03
3.390197253302991605e-03
3.391499833087844445e-03
3.388682417119716437e-03
3.391309457488011787e-03
3.389887603256988916e-03
3.389762070215678481e-03
3.386985381847203505e-03
3.389542442760343308e-03
3.389448372234097045e-03
3.390695068435778305e-03
3.387855200675640114e-03
3.389088362288899571e-03
3.386291482240570867e-03
3.387524972636465990e-03
3.386054885655340185e-03
3.387289189083207783e-03
3.384473706170797007e-03
3.387011413632460416e-03
3.385511248747230181e-03
3.386733239411372949e-03
3.383853855030963600e-03
3.386454665560463193e-03
3.382239885058658298e-03
3.384841981719445732e-03
3.381957780216207285e-03
3.383181122584288068e-03
3.380312323358310514e-03
3.382843729028990349e-03
3.381308868028423415e-03
3.382505860498399158e-03
3.379646701422365108e-03
3.382181447904110232e-03
3.380658116153847318e-03
3.380518132227668809e-03
3.378965263110195790e-03
3.380163962125396111e-03
3.378623822690222239e-03
3.379781391924665136e-03
3.378226099897880565e-03
3.379412250293221519e-03
3.376453982929160120e-03
3.377640334399083406e-03
3.377470904294342137e-03
3.375898136468418170e-03
3.374352213949710980e-03
3.376915729765972776e-03
3.373936459683511430e-03
3.377818578576304367e-03
3.373506154831478442e-03
3.376044905321139589e-03
3.373075261178214157e-03
3.374208536563629967e-03
3.372615789466151554e-03
3.375125399130222883e-03
3.372230018139868880e-03
3.374694879620067454e-03
3.371737006618919473e-03
3.372858130159649831e-03
3.371247654355531958e-03
3.372383391914551224e-03
3.370771670652307830e-03
3.371893979905971842e-03
3.368929202109588288e-03
3.371417952542786652e-03
3.369803736658631872e-03
3.370927233951549664e-03
3.367930056147660622e-03
3.369039623459614986e-03
3.368748872822671745e-03
3.368518539611415480e-03
3.368227424152145377e-03
3.367982699787165548e-03
3.366288310870198773e-03
3.368802906115535636e-03
3.364393265611796691e-03
3.368266546156481554e-03
3.366588508893148760e-03
3.366328674685012314e-03
3.364663006634164514e-03
3.367121209486860847e-03
3.364066672023669109e-03
3.366526265978258409e-03
3.363497759053310238e-03
3.364597591052296503e-03
3.362913999148616200e-03
3.364000243576473897e-03
3.362315370688216502e-03
3.364736820409481785e-03
3.361673621396626781e-03
3.362746731788425220e-03
3.361059301288673706e-03
3.362132905517413537e-03
3.360415934366607366e-03
3.361504151962086111e-03
3.359785884493080455e-03
3.362241019882093555e-03
3.359140887488290799e-03
3.360187630846091233e-03
3.358466776112130781e-03
3.359528122143513700e-03
3.357791818019753658e-03
3.358853617377835239e-03
3.357116011614260601e-03
3.358164096805777224e-03
3.356439355295661939e-03
3.357502062212212868e-03
3.355747676527125623e-03
3.358201160869505111e-03
3.355026779264383158e-03
3.356047802849986602e-03
3.354290809773693635e-03
3.356746863933223867e-03
3.353582313031438361e-03
3.354618354881038367e-03
3.354280501341985136e-03
3.355317399557086223e-03
3.352105874976044064e-03
3.353128525344943253e-03
3.352775586282540857e-03
3.355161474044494798e-03
3.352007534074406391e-03
3.354394637898981592e-03
3.351238549700790402e-03
3.352262801643330226e-03
3.350468631463645371e-03
3.352872412242665148e-03
3.349683545611664790e-03
3.353487418039979850e-03
3.348869037631629561e-03
3.349865924052956162e-03
3.349482208667646076e-03
3.350446660214743532e-03
3.348680863162851670e-03
3.349631389877951154e-03
3.347864296923347329e-03
3.350260205191336448e-03
3.348416160697347248e-03
3.349401014168128157e-03
3.347569917112084518e-03
3.348540819044479051e-03
3.346708398483284452e-03
3.347693904906292803e-03
3.344459771006662308e-03
3.346831700970413857e-03
3.346431192706276255e-03
3.345982783962178110e-03
3.344132081848553203e-03
3.345075661504841660e-03
3.343223635085017329e-03
3.344196109385929802e-03
3.343765508508421847e-03
3.344738702429566647e-03
3.342855805208354465e-03
3.343829292691509036e-03
3.341973690044354808e-03
3.342933163144020184e-03
3.341047584164326054e-03
3.343399465584448102e-03
3.341498612386873020e-03
3.342444700897603382e-03
3.340556847495979378e-03
3.342959136332652147e-03
3.341070350662939028e-03
3.340574989084313818e-03
3.340112921670651807e-03
3.342469870238864299e-03
3.340550084147118383e-03
3.338643596265350108e-03
3.338180470252299394e-03
3.340510766269399589e-03
3.337205436382305931e-03
3.339536763568677191e-03
3.336229311001668446e-03
3.338547291692193705e-03
3.338068982180844926e-03
3.339003967158471042e-03
3.335630224360745712e-03
3.337984314224605106e-03
3.336056881682645733e-03
3.338364253137276246e-03
3.336435869253289582e-03
3.335941654713112103e-03
3.334011544051512180e-03
3.334918644456925409e-03
3.334389825349438636e-03
3.335297526520855649e-03
3.333384520186542278e-03
3.335681790082845131e-03
3.332281643556999663e-03
3.334642539632224831e-03
3.332679019871106780e-03
3.333573299967864181e-03
3.331608439161981312e-03
3.332502912022592204e-03
3.331991446988336394e-03
3.332900943622694057e-03
3.332326520256266925e-03
3.331737350108075323e-03
3.331225133688644081e-03
3.330698195601137709e-03
3.330108133836866529e-03
3.332398684372037644e-03
3.329018861007613725e-03
3.329900563323377749e-03
3.329358116895014211e-03
3.330206378158916992e-03
3.329649255590590856e-03
3.329072299811814024e-03
3.328514595692860789e-03
3.327971077600769007e-03
3.327364277852962616e-03
3.328247386260948029e-03
3.327688890235163885e-03
3.327096028636390874e-03
3.326536947428836502e-03
3.327372167571734148e-03
3.326812865059780057e-03
3.326224285465478100e-03
3.325664404958602986e-03
3.325055599103470330e-03
3.325911140811973164e-03
3.326767122897744070e-03
3.324726883904609298e-03
3.325519797077323286e-03
3.323541417247704004e-03
3.324397663453784735e-03
3.323807127790163671e-03
3.324600615038116394e-03
3.324009833159445679e-03
3.323384522563447782e-03
3.322793140582686652e-03
3.323621419421586998e-03
3.322995539810752984e-03
3.323824285892673647e-03
3.321777112025514449e-03
3.321184585964723386e-03
3.321998958225047972e-03
3.322828283087557195e-03
3.320749715781754624e-03
3.321579139268172800e-03
3.320971272884897657e-03
3.321737692763586467e-03
3.321129566770070467e-03
3.320472211174993818e-03
3.318389991795427183e-03
3.319220051651119042e-03
3.318596139248374596e-03
3.319397510795695644e-03
3.320213850480323997e-03
3.319540720586185070e-03
3.317489654809608734e-03
3.318242510902934435e-03
3.317632038179178615e-03
3.318419755519302471e-03
3.316331957331553493e-03
3.318562696402125797e-03
3.316444728014986826e-03
3.317232922420008685e-03
3.316592115757008730e-03
3.317380720033499385e-03
3.315260455651642714e-03
3.316063726744795589e-03
3.315372873191218574e-03
3.314730858437431489e-03
3.315519961774471541e-03
3.314877676296594175e-03
3.314185882087211307e-03
3.314946170721410137e-03
3.315736070523805663e-03
3.313581624920809449e-03
3.312938123102866089e-03
3.313698836963754283e-03
3.311571672862759132e-03
3.310848699310266728e-03
3.313122815129676373e-03
3.312399859363704489e-03
3.313161337328529056e-03
3.311002279385843409e-03
3.311813126504267388e-03
3.312525643349591240e-03
3.311851081443506657e-03
3.312613309383187314e-03
3.310451640156738227e-03
3.311213896881656966e-03
3.310489002931736677e-03
3.311251619456740541e-03
3.310561162010477142e-03
3.309820950205473542e-03
3.309080403695955838e-03
3.309814036565568614e-03
3.310626835677351210e-03
3.306955727601615987e-03
3.309194264917732827e-03
3.307011709288456419e-03
3.307745713449935804e-03
3.308509423498334767e-03
3.309244092731249143e-03
3.307044890072898067e-03
3.306336917735259746e-03
3.307022018153092484e-03
3.309249880665189429e-03
3.307048723751561219e-03
3.306290513709253878e-03
3.307011123595214683e-03
3.304808009533048187e-03
3.304098439986387272e-03
3.304819049690853067e-03
3.304044796854193645e-03
3.303319880418470640e-03
3.305472214370627857e-03
3.304762018323102301e-03
3.303972355039015187e-03
3.303261514578628016e-03
3.303968315063181716e-03
3.304704887275384129e-03
3.305412305639191667e-03
3.303173578003232476e-03
3.302382545787717512e-03
3.303089921292701354e-03
3.300849257166541765e-03
3.301606410610620924e-03
3.303763970921598254e-03
3.303022042043883208e-03
3.302229959602135875e-03
3.301452289190670835e-03
3.300709383600563835e-03
3.301388101696477347e-03
3.300594992160191254e-03
3.299821916555817879e-03
3.300515640187877495e-03
3.301224425020861126e-03
3.300450991204141246e-03
3.299656846129536431e-03
3.298847591483000750e-03
3.299527068797675038e-03
3.300236387097493177e-03
3.298007434274790543e-03
3.298672384920006348e-03
3.299367175265621992e-03
3.298542062250317108e-03
3.297716608907805703e-03
3.296940838792173246e-03
3.297635840628499685e-03
3.296844940296333147e-03
3.297475358067415794e-03
3.296698897536026653e-03
3.297364819585032764e-03
3.298045818020929523e-03
3.295746001485466703e-03
3.294903643605618954e-03
3.297093355350065851e-03
3.296250925469691902e-03
3.295458291238727386e-03
3.294665336332415050e-03
3.295346747065921057e-03
3.294488462540964661e-03
3.295155291047008241e-03
3.295807562204133498e-03
3.294999052125663873e-03
3.292693505322353588e-03
3.294807304261258406e-03
3.293998111872034010e-03
3.293153192016118336e-03
3.292343347419844721e-03
3.292995972131845892e-03
3.293648855628027346e-03
3.292823787110757492e-03
3.291962951631852152e-03
3.292616015812164457e-03
3.291739953184734391e-03
3.292393229376571785e-03
3.291567105857991660e-03
3.290690325832320087e-03
3.289878398636154888e-03
3.291982627537907210e-03
3.291170638143156753e-03
3.291794841309007066e-03
3.292434151797898369e-03
3.290074850047848120e-03
3.290714071895532635e-03
3.291338667953088663e-03
3.290460313771510770e-03
3.291085101664395236e-03
3.290256803717569577e-03
3.290881793137975710e-03
3.288533902508461795e-03
3.289158804889664393e-03
3.288264132660110271e-03
3.288874335516996789e-03
3.286509390520043344e-03
3.288655052748725664e-03
3.286289166396654231e-03
3.289906324527566706e-03
3.287524882109880368e-03
3.286613822717918392e-03
3.287239421658107261e-03
3.287900922447194434e-03
3.286989420769341388e-03
3.286128166258047399e-03
3.286739233926220735e-03
3.288808526257647104e-03
3.284914441887904629e-03
3.284052160339854653e-03
3.284648388072051312e-03
3.285274660235947865e-03
3.284346399511155548e-03
3.284993672017264259e-03
3.284065022936788394e-03
3.284661800153387042e-03
3.282257400684997564e-03
3.285870938559816434e-03
3.283450948830533064e-03
3.285589859342671892e-03
3.284660301032276807e-03
3.283781139463559998e-03
3.282850913785739268e-03
3.283448341601675341e-03
3.284031043118430890e-03
3.284613951491694925e-03
3.282190235561842535e-03
3.282773024083154856e-03
3.280348120351238728e-03
3.280945731639128577e-03
3.281528612329574334e-03
3.282111700161511551e-03
3.279699889333152329e-03
3.281798626499677057e-03
3.280851086136495065e-03
3.281419507113008532e-03
3.280522437371148105e-03
3.282571911639481539e-03
3.280142669103813368e-03
3.280711366647180022e-03
3.278280939410367373e-03
3.278849513923246754e-03
3.279484180435468695e-03
3.281520653576703618e-03
3.277540033579934634e-03
3.278108874223725593e-03
3.277194674591964087e-03
3.279247148075292370e-03
3.278332828604906164e-03
3.280371219868354234e-03
3.277906541810609968e-03
3.278476033899145863e-03
3.277560953283642671e-03
3.278115590462952252e-03
3.278685413262401229e-03
3.276203340764445842e-03
3.275221206906105131e-03
3.277312906699202371e-03
3.276345625408968922e-03
3.276900622973981554e-03
3.275954018049629258e-03
3.276509134805241554e-03
3.277064439723793507e-03
3.277604917095901758e-03
3.276621693290543424e-03
3.277162278432763955e-03
3.276229783409338563e-03
3.276755462891049828e-03
3.272742744256500972e-03
3.274823226083826630e-03
3.275363963048867101e-03
3.275904878616264435e-03
3.273430293840153514e-03
3.275446050548506353e-03
3.271465298631275401e-03
3.275038128076937158e-03
3.274022445557139491e-03
3.276105880769392392e-03
3.273613851875176606e-03
3.272582408773918802e-03
3.274666620414422389e-03
3.275208307942090603e-03
3.272699463954757432e-03
3.273241002751880839e-03
3.272208662092507096e-03
3.271242331184854007e-03
3.273246947351713190e-03
3.272295527348562973e-03
3.269783790790016000e-03
3.273334341766591729e-03
3.270821975016415407e-03
3.272843193284369519e-03
3.270329937887307518e-03
3.272372955447813703e-03
3.269858837353666059e-03
3.270385884194966595e-03
3.269336059937979783e-03
3.271410346780079248e-03
3.268864352826788850e-03
3.272435451400844842e-03
3.269888815442427432e-03
3.270416362729882537e-03
3.269447131933389105e-03
3.271441798529014545e-03
3.267411078524070939e-03
3.269390971760643364e-03
3.268354436435981329e-03
3.268903535796523555e-03
3.267866603523518834e-03
3.268379396949878859e-03
3.267378468864733099e-03
3.269390372830442790e-03
3.268389289138399004e-03
3.267336382572657606e-03
3.266319594057020756e-03
3.268317460420089825e-03
3.267330703019996532e-03
3.267813841654591562e-03
3.266760049277966753e-03
3.267243248664020768e-03
3.267756804660519772e-03
3.268255410484202910e-03
3.265684402248508408e-03
3.267736197788719248e-03
3.265149235665128213e-03
3.267149945849092633e-03
3.266079666597363970e-03
3.265060696811632451e-03
3.265544297562666780e-03
3.264524946577792262e-03
3.265008611251844512e-03
3.265507540575227768e-03
3.264436061250951260e-03
3.266460465560433197e-03
3.263884605633479881e-03
3.265857834197606439e-03
3.263281132900931834e-03
3.265321687234580723e-03
3.262729017928652289e-03
3.264703233060545131e-03
3.265187635099886868e-03
3.264099560123538170e-03
3.263078046841681127e-03
3.263547282233021998e-03
3.262510252146834377e-03
3.262964400404322687e-03
3.263448964594605536e-03
3.262359695059662001e-03
3.262829164702904169e-03
3.261776141333059924e-03
3.262245659952749989e-03
3.262715313761751623e-03
3.260117030774775833e-03
3.262079705450857646e-03
3.261025829084596844e-03
3.263004339810646973e-03
3.260389473018909020e-03
3.260859258854463105e-03
3.261314019228052710e-03
3.260259291292606082e-03
3.260714094848620771e-03
3.261132311359858389e-03
3.260077111636929415e-03
3.262094442175005916e-03
3.259461339291521917e-03
3.259916348901253664e-03
3.260371485564276476e-03
3.260826749333812970e-03
3.259703522234019130e-03
3.260158817763662755e-03
3.259102312641557007e-03
3.261069790487518445e-03
3.256921286960709830e-03
3.258873819689831440e-03
3.259314128025085026e-03
3.258241598930932455e-03
3.257116792344754482e-03
3.257557041734240964e-03
3.258049411801970403e-03
3.258437897648432027e-03
3.257364524932067872e-03
3.256238839146205055e-03
3.258245686192877584e-03
3.257135008471784016e-03
3.257560481789773497e-03
3.257986066279641105e-03
3.256911765873247988e-03
3.257352581325334475e-03
3.256262704758329171e-03
3.255120464903108867e-03
3.257077220835517123e-03
3.256002079979359535e-03
3.256427858199337222e-03
3.255285031724821244e-03
3.254194019192376604e-03
3.254619727983895216e-03
3.255045548170822350e-03
3.255471479797221283e-03
3.255897522906852151e-03
3.254805876544956348e-03
3.253661790541439308e-03
3.255590740122576553e-03
3.254513849128288627e-03
3.254924822562799743e-03
3.253780158116082247e-03
3.254191144620834000e-03
3.254602234962672251e-03
3.255028660591138736e-03
3.253920399970024972e-03
3.254346846015811201e-03
3.253185992903329018e-03
3.253649447439413162e-03
3.254023787270483598e-03
3.254419985744928974e-03
3.251737832034190881e-03
3.253737493781430276e-03
3.252627938005780810e-03
3.251465834037721089e-03
3.251861971502091435e-03
3.252273447201343200e-03
3.251110862620930613e-03
3.253096711076410887e-03
3.251970990542695904e-03
3.253889877717005674e-03
3.251204286051457421e-03
3.251600737188657664e-03
3.252012538795028863e-03
3.252409187085079575e-03
3.252805932145051791e-03
3.251679204207855427e-03
3.250515103977141395e-03
3.250911765008867443e-03
3.251323784712753084e-03
3.248604364909195297e-03
3.250593084413651388e-03
3.249397607834916303e-03
3.249794374585653588e-03
3.250175972463425871e-03
3.249062947156438827e-03
3.247881971033015919e-03
3.248263484122114290e-03
3.248660352825202650e-03
3.249042048812497176e-03
3.249439107798097939e-03
3.249820986815146143e-03
3.248691700949468339e-03
3.250600298398788942e-03
3.249418377304433368e-03
3.248273356167967387e-03
3.248707798236494249e-03
3.249037386123553896e-03
3.247907196818640777e-03
3.246708962979089324e-03
3.247090930536932884e-03
3.247457703956893680e-03
3.247839847720428337e-03
3.246693562761249641e-03
3.248604405123370602e-03
3.248971520549424983e-03
3.246258671726669209e-03
3.246640899287212695e-03
3.247007922436343126e-03
3.247390326467234495e-03
3.246227754568083764e-03
3.246594857241197948e-03
3.245394656221220996e-03
3.247344616397408040e-03
3.246128925710668744e-03
3.244980845026815622e-03
3.245348017762526589e-03
3.244131682684530792e-03
3.247629091395932630e-03
3.244881388874079880e-03
3.246832854527760461e-03
3.247200446519979845e-03
3.244451762109675039e-03
3.246335888453703768e-03
3.243601802721182530e-03
3.243953885601275414e-03
3.245906563339524993e-03
3.246258974563669478e-03
3.243523653520857548e-03
3.243875885839997940e-03
3.244228194669004483e-03
3.244595902872669281e-03
3.244963694439197133e-03
3.242180737709002281e-03
3.244082248098735695e-03
3.244434774104465458e-03
3.243268455634907080e-03
3.243636300001753736e-03
3.243973563978881647e-03
3.242754077575890626e-03
3.241571726249948583e-03
3.241924212596858281e-03
3.242261445189317890e-03
3.242614081559850019e-03
3.241378448022373595e-03
3.243319584472078090e-03
3.242083758823216706e-03
3.242489304699707614e-03
3.241253119729260290e-03
3.241605876632101379e-03
3.241943368134092823e-03
3.242296275305223911e-03
3.242633910588017723e-03
3.242986968123658716e-03
3.240197454849593536e-03
3.242072377541168390e-03
3.240887919561522869e-03
3.241225587196982800e-03
3.241578678602775702e-03
3.241916490201069475e-03
3.240663309195918832e-03
3.239462720816062898e-03
3.241354311650011463e-03
3.240138184562227526e-03
3.242030243486713342e-03
3.240813930050605914e-03
3.241151908503069490e-03
3.241489957457007950e-03
3.240288578672174437e-03
3.239049410344451048e-03
3.240896435089036035e-03
3.241234596874100014e-03
3.240017327246000247e-03
3.238762259707557174e-03
3.239100303021683665e-03
3.239475976925008677e-03
3.239761227837888603e-03
3.238558556781909962e-03
3.238881345896423361e-03
3.239219574942392519e-03
3.239542495845436527e-03
3.239865481139140874e-03
3.240188530842762725e-03
3.238969792740762320e-03
3.237697832923736811e-03
3.241158066609025647e-03
3.238359139980669533e-03
3.238682202083831545e-03
3.239005328651640720e-03
3.239328519703195061e-03
3.238055828059553751e-03
3.236835898270798428e-03
3.238739841950982919e-03
3.237466716473413192e-03
3.237789913709755892e-03
3.238113175482294857e-03
3.236877257553560060e-03
3.238744491681717474e-03
3.235926582322276850e-03
3.236234393501178416e-03
3.236542263245877592e-03
3.236850191572379371e-03
3.237188980414259978e-03
3.235899049553502774e-03
3.234661956413564018e-03
3.234969825938693606e-03
3.235293152020708718e-03
3.237199740077334985e-03
3.235909190055850319e-03
3.234671503042307623e-03
3.236525462737335941e-03
3.233688391356356797e-03
3.235542610567823402e-03
3.235903929045331161e-03
3.236196768240250272e-03
3.234920677542336108e-03
3.235213483541562931e-03
3.235537172899755846e-03
3.235830090517918551e-03
3.236153903279661865e-03
3.234884108689135753e-03
3.235192467476119896e-03
3.233900015968568537e-03
3.234192922145398986e-03
3.234501301763463912e-03
3.234794316876674243e-03
3.235102811196765692e-03
3.232261328801748143e-03
3.234087357801247037e-03
3.234449078597689906e-03
3.233155594399282108e-03
3.233448651084749360e-03
3.233726332743892904e-03
3.234034923862405195e-03
3.232778731560132304e-03
3.231469073675485686e-03
3.231777534750877607e-03
3.233658277476676116e-03
3.233898313552975492e-03
3.234191650266126077e-03
3.232934788448024992e-03
3.233228090972119911e-03
3.230367109002117709e-03
3.233799411799150210e-03
3.230937976085927060e-03
3.232835436117465367e-03
3.231524482066883749e-03
3.231802375016669827e-03
3.232095758319636185e-03
3.230837691254948105e-03
3.232667236590969304e-03
3.231393555550284968e-03
3.231687005493915233e-03
3.230375132511880982e-03
3.230653099261020407e-03
3.230931113851140141e-03
3.231209176294600090e-03
3.231502738580198549e-03
3.230243618938210409e-03
3.232074565611710824e-03
3.230746465847725898e-03
3.231062540447468285e-03
3.231356217199614096e-03
3.231634486529680415e-03
3.231897340462699768e-03
3.230584118146519797e-03
3.229308587613219979e-03
3.231125251924945371e-03
3.229865013192791210e-03
3.230089900085828577e-03
3.228813887331123157e-03
3.232239011652530102e-03
3.229354957641313289e-03
3.229617828656427062e-03
3.229896209322399587e-03
3.230159168464588008e-03
3.230453114651061532e-03
3.229107474048642946e-03
3.229439343868882768e-03
3.228093395073963149e-03
3.229980884579094786e-03
3.228634754176743817e-03
3.228897765547032554e-03
3.229176294884271783e-03
3.226273597509248230e-03
3.228146244247352692e-03
3.228409302800356630e-03
3.227077849816642908e-03
3.228951028958888976e-03
3.229214218696039359e-03
3.227867025307852317e-03
3.228130169585825479e-03
3.226851643855741490e-03
3.228672072336648095e-03
3.227362417571431972e-03
3.229183175882058970e-03
3.226277624357651135e-03
3.226540767776518541e-03
3.226803954124002772e-03
3.227067183410614517e-03
3.227330455647212278e-03
3.227578280525503045e-03
3.227841636165277098e-03
3.226546456109033630e-03
3.226794280254227654e-03
3.227057635124614115e-03
3.225708519285979108e-03
3.229128048740792165e-03
3.226273257603479334e-03
3.226467586070360435e-03
3.226715521988757565e-03
3.226978995657193115e-03
3.227227010182745319e-03
3.227475062834322863e-03
3.226125132004997471e-03
3.227986791875524751e-03
3.226674787503236354e-03
3.225308974443881135e-03
3.225572477546516555e-03
3.227434676502992893e-03
3.226068600205885331e-03
3.226316718770962360e-03
3.225003974147554447e-03
3.225252048990996656e-03
3.223885384428700797e-03
3.225748313190305357e-03
3.224381476508030205e-03
3.226244730132177881e-03
3.224862211327210286e-03
3.223564158740868484e-03
3.225358604104013992e-03
3.225606857802772610e-03
3.222677290176407822e-03
3.226103479865993860e-03
3.224773995742532488e-03
3.223390638982229998e-03
3.225255080618000345e-03
3.225503438655020084e-03
3.224135339729089413e-03
3.222805214344799316e-03
3.224616475197982553e-03
3.223286186050228295e-03
3.223518965836633197e-03
3.223767301337252672e-03
3.224015675103851508e-03
3.224233033546173178e-03
3.222864026313229137e-03
3.224714431553370349e-03
3.221765777378752648e-03
3.222014087810566585e-03
3.223795570674213400e-03
3.224044073459851611e-03
3.222712666154755028e-03
3.222945592924399746e-03
3.223178553366443967e-03
3.221793034633618595e-03
3.222025945437253982e-03
3.220693910939453376e-03
3.220942301485161998e-03
3.222778655623689814e-03
3.223011705070840272e-03
3.221610040961316555e-03
3.221843038476543408e-03
3.222076069696324600e-03
3.220689575919961131e-03
3.222542233279376400e-03
3.222775365657277232e-03
3.221373083894476467e-03
3.220039954846364797e-03
3.221877550241450221e-03
3.220505990163517393e-03
3.223910424936251521e-03
3.222507725930249829e-03
3.221174209414516803e-03
3.221391829013082238e-03
3.221609478017995690e-03
3.218654693128059335e-03
3.220439379826842575e-03
3.220672555754879561e-03
3.219322805507281258e-03
3.221107907843132664e-03
3.221341180594456885e-03
3.219991195310987608e-03
3.221776713475459682e-03
3.220426575103175777e-03
3.220644309153075039e-03
3.220862072647629349e-03
3.221095423357893655e-03
3.219690982406160206e-03
3.218340239913842788e-03
3.221733421185697492e-03
3.220398199249616990e-03
3.220562136172296260e-03
3.219195532139564400e-03
3.219428872558705718e-03
3.221200244159014205e-03
3.218225834843326319e-03
3.220066842330429960e-03
3.218715309161030574e-03
3.220487106862188111e-03
3.220720634562888613e-03
3.220923052633393839e-03
3.219571218024463565e-03
3.219773590271857427e-03
3.221561614782077632e-03
3.220140037412503892e-03
3.218787796757864843e-03
3.219005741028403613e-03
3.219208144279823210e-03
3.219426145479510875e-03
3.219628601604060392e-03
3.219831083193433734e-03
3.218478291699390648e-03
3.218626753447578238e-03
3.217273703638413255e-03
3.219085675170516719e-03
3.217678501824328477e-03
3.217896512272908158e-03
3.218098977000684313e-03
3.216675888184881114e-03
3.215306618506634170e-03
3.218706524077834079e-03
3.218909090750857616e-03
3.219127267991686147e-03
3.219314300596741972e-03
3.216334146587294766e-03
3.216536615905987977e-03
3.216723533287672160e-03
3.216941631025367881e-03
3.217144176836217017e-03
3.217346748154496089e-03
3.217549344984142051e-03
3.216163509314289709e-03
3.217939025994997777e-03
3.218141697425691301e-03
3.216771226406365224e-03
3.216919797151431611e-03
3.217176498741727581e-03
3.215736065075709867e-03
3.215938660577641849e-03
3.216125694469104852e-03
3.216328339069862100e-03
3.216531009209237443e-03
3.216718112008986209e-03
3.216920831274148757e-03
3.217107979429354326e-03
3.217310747838524315e-03
3.217513541809364705e-03
3.216126339939105218e-03
3.216274988184853259e-03
3.214887546057522156e-03
3.215074643952976069e-03
3.216906264069049892e-03
3.217093502150092637e-03
3.215651666245711304e-03
3.214263777280543070e-03
3.216026061735975140e-03
3.216228895696623003e-03
3.214856389035412702e-03
3.215043574990660447e-03
3.216806332417282074e-03
3.216993653722405224e-03
3.215605263667256717e-03
3.215808143924805355e-03
3.214365372401956338e-03
3.216167148639355843e-03
3.216354487269239108e-03
3.214911502441130352e-03
3.213538106406050362e-03
3.213725325521190907e-03
3.213896962208090489e-03
3.214084223140477314e-03
3.214271505896024173e-03
3.212827895166225998e-03
3.212999523088379272e-03
3.214833485139808374e-03
3.215020855226350099e-03
3.213561342697122177e-03
3.213764270288856865e-03
3.213935998269800386e-03
3.214107744604346398e-03
3.212717661888788486e-03
3.212904972341233071e-03
3.213038101488695578e-03
3.214841776664739432e-03
3.215013619821495850e-03
3.213568986020663102e-03
3.213794995345258757e-03
3.213998052107472012e-03
3.215748065751728325e-03
3.215935637638786884e-03
3.212881046907754921e-03
3.214701139082547926e-03
3.213240296791459484e-03
3.213427763408026067e-03
3.213599627023558652e-03
3.210575312683346030e-03
3.213943409411168951e-03
3.212497750720336945e-03
3.212739477355636836e-03
3.214490487553396496e-03
3.211449767183531014e-03
3.214834460581432549e-03
3.211793433220498650e-03
3.211980918426091819e-03
3.213770999898851993e-03
3.212324698158443726e-03
3.212496615622268889e-03
3.211088731909660012e-03
3.212840505759988804e-03
3.211432489735999325e-03
3.213168833216234043e-03
3.211722031765981093e-03
3.211948264499105404e-03
3.213700553300968734e-03
3.212276571071254975e-03
3.210813778595807046e-03
3.211001337085124790e-03
3.211173284950907380e-03
3.211329617173510394e-03
3.211555912600964034e-03
3.213308828800530599e-03
3.211829982591467205e-03
3.212002019218180692e-03
3.210592916081642795e-03
3.210764904871631683e-03
3.212502594211923048e-03
3.212674702903057372e-03
3.211265340685550123e-03
3.211421758870679731e-03
3.211593836475168211e-03
3.210114215130023194e-03
3.210286240269676680e-03
3.210442642760386132e-03
3.210614703102841229e-03
3.210786781888896272e-03
3.209361096494306453e-03
3.209533125692894985e-03
3.209689531878379392e-03
3.208224847026239918e-03
3.208381205458040071e-03
3.210174487942441326e-03
3.210330956644769865e-03
3.210503089835894767e-03
3.210659590574087719e-03
3.209178870589824654e-03
3.209335322029541280e-03
3.211144839839225051e-03
3.211301403151133743e-03
3.209820418449784319e-03
3.209976932449778650e-03
3.210133461714436212e-03
3.210305661538110852e-03
3.210462222865057870e-03
3.209035235304614608e-03
3.209191749940709919e-03
3.210916337079274072e-03
3.211072957976438338e-03
3.209645728734808294e-03
3.208179591073052721e-03
3.209974552188219182e-03
3.208476975165662232e-03
3.210272117183152196e-03
3.208805726996483750e-03
3.207362312142194530e-03
3.209103227185873888e-03
3.209259828391562274e-03
3.209416444882153777e-03
3.209573076659360136e-03
3.208145007980040594e-03
3.209886386083969818e-03
3.208442532569364194e-03
3.206959752842675464e-03
3.208755775971287427e-03
3.208896755458219563e-03
3.207413787977626829e-03
3.209210087563207220e-03
3.207711328987842420e-03
3.209507809746082151e-03
3.209664527820730792e-03
3.208165576976182345e-03
3.208306576649947155e-03
3.210103419862804855e-03
3.208604283332738231e-03
3.207175162971423292e-03
3.208902045270363868e-03
3.205832340018259247e-03
3.207613815299128340e-03
3.209372308235636934e-03
3.207927211861620869e-03
3.206411824299738433e-03
3.208154819271707720e-03
3.208366069946419572e-03
3.208507156975123637e-03
3.208663934894859064e-03
3.208789368262286203e-03
3.207304953402702070e-03
3.207446019272407536e-03
3.206015920362966821e-03
3.206141272878019251e-03
3.207884970232346977e-03
3.208010406860546844e-03
3.206580083883999246e-03
3.206721155789559255e-03
3.206862240108259657e-03
3.207019015023024246e-03
3.208747545208581915e-03
3.208873049304996825e-03
3.205800280809625522e-03
3.207583531660063159e-03
3.206082444281067086e-03
3.207865864512068552e-03
3.208007049577367951e-03
3.208132557846223032e-03
3.208289456993847297e-03
3.206788070314235250e-03
3.206913547460989774e-03
3.207054720988965126e-03
3.207211595042685007e-03
3.207337105336326242e-03
3.207478316158807619e-03
3.207619539416506783e-03
3.207760775110335763e-03
3.206313423066473479e-03
3.206438925223440220e-03
3.204936810580317087e-03
3.205077952318535848e-03
3.206862567548687728e-03
3.207003806534679258e-03
3.205485764956967666e-03
3.205611266648437409e-03
3.207396202337388976e-03
3.205893681388565820e-03
3.206034907420033612e-03
3.207804395847101923e-03
3.204712292739788325e-03
3.204837796087376452e-03
3.206552842672438439e-03
3.206694126785902908e-03
3.205245749863809297e-03
3.205371294998500282e-03
3.207102350836981298e-03
3.203993619966560760e-03
3.205779384616183267e-03
3.204260343559020650e-03
3.206046268630731964e-03
3.206171876484954341e-03
3.203078156769037250e-03
3.204793923990127517e-03
3.204935195615839401e-03
3.203470383228459312e-03
3.205186375928207460e-03
3.205311980849276984e-03
3.203847011011885966e-03
3.205578923995822723e-03
3.204113842611220134e-03
3.205830205224095321e-03
3.204365018838146138e-03
3.206097234698203347e-03
3.204631936732171317e-03
3.203111860717577312e-03
3.204883194197511755e-03
3.205008837705804973e-03
3.203488597682405733e-03
3.205260154278555349e-03
3.203739804896744026e-03
3.202289707506836627e-03
3.205652915336763657e-03
3.204132395050734473e-03
3.202666438238645739e-03
3.204367995330759718e-03
3.202901939962312164e-03
3.204635050869856019e-03
3.203168883787936225e-03
3.203278814767716778e-03
3.203404459412601685e-03
3.203530113914744397e-03
3.203655778274768981e-03
3.203781452493823824e-03
3.203907136573621098e-03
3.202385839427984455e-03
3.204142820803561938e-03
3.202691838011905660e-03
3.204394255537961183e-03
3.204519987703361231e-03
3.204630011442578634e-03
3.201531458745309183e-03
3.201641388503257638e-03
3.203359801057981040e-03
3.203485516681424915e-03
3.202002639438721824e-03
3.202128311048087726e-03
3.202253992522334676e-03
3.202363971905646846e-03
3.204067079816286072e-03
3.204192850961346331e-03
3.202725385931281740e-03
3.202835397696763339e-03
3.202976852501315374e-03
3.203086881543420247e-03
3.203196918145242728e-03
3.203322683519414880e-03
3.203432736323445773e-03
3.203558520216085934e-03
3.203668589225357969e-03
3.203778665798837511e-03
3.203904476859733598e-03
3.204014569643705724e-03
3.202491686003917318e-03
3.201023448154950105e-03
3.201117738725906686e-03
3.202837590262638725e-03
3.201353489458036699e-03
3.203128250128919278e-03
3.204832638678322375e-03
3.203309398326704624e-03
3.203403776620463751e-03
3.201935156422979975e-03
3.202045225302602247e-03
3.200521658500246960e-03
3.202281112671432912e-03
3.202391205337746984e-03
3.202501305574353540e-03
3.200961817474085383e-03
3.201126670597357910e-03
3.202847384180345074e-03
3.201307741609347741e-03
3.201417824059974576e-03
3.203193537592632749e-03
3.200042871447776518e-03
3.200168643846854934e-03
3.203524026564351975e-03
3.201968349892797810e-03
3.200498843437678612e-03
3.202243426823403027e-03
3.202314491624081230e-03
3.202424643324261206e-03
3.202589622106799278e-03
3.201049327540110134e-03
3.202739404227289682e-03
3.201269574207194022e-03
3.201379708906601680e-03
3.201489851184120654e-03
3.201584264883191710e-03
3.200043625316578971e-03
3.200224297253237860e-03
3.201914756686729049e-03
3.202024935784197456e-03
3.198887916157695365e-03
3.202229574227169733e-03
3.199092361151772285e-03
3.202449983342223628e-03
3.200908956961813316e-03
3.201058233973650899e-03
3.201129297928535615e-03
3.201294332716581644e-03
3.201349669232205278e-03
3.201498979800248418e-03
3.201554326897864799e-03
3.200067766135197399e-03
3.200162191733009562e-03
3.200272361973515063e-03
3.200366799645878221e-03
3.200476983974926554e-03
3.202184206949770101e-03
3.199029683218208072e-03
3.200791838153466910e-03
3.200886306487490778e-03
3.199344415141036364e-03
3.201106754287448911e-03
3.201201241211563183e-03
3.198061816525086132e-03
3.201405982017112208e-03
3.199918743271631689e-03
3.199958320547527900e-03
3.200052788444867659e-03
3.200217898216598314e-03
3.200273235231350030e-03
3.198769975532982698e-03
3.198880161788990491e-03
3.202225207200494559e-03
3.199084813547924382e-03
3.199179277038075118e-03
3.199273746107080072e-03
3.199368220755434075e-03
3.199462700983631089e-03
3.199572934969491071e-03
3.199667427289043780e-03
3.199777675382839935e-03
3.199872179796070266e-03
3.199966689791784290e-03
3.196809507237433155e-03
3.200171480602525143e-03
3.200266008279350084e-03
3.200360541540720437e-03
3.200455080387130599e-03
3.198966739793207732e-03
3.200659933716663245e-03
3.200754490252285048e-03
3.199195338346181965e-03
3.199289857197866634e-03
3.197785502497599817e-03
3.197895732952699046e-03
3.197990222248672104e-03
3.198100466818210984e-03
3.198194968213430127e-03
3.199888606315415534e-03
3.199983166137117079e-03
3.198478505911378153e-03
3.198573029649951025e-03
3.198667558975382564e-03
3.198762093888338470e-03
3.198856634389317041e-03
3.198935422409119808e-03
3.199045732157328875e-03
3.199140289425349629e-03
3.199234852283374970e-03
3.199329420731905800e-03
3.199423994771426107e-03
3.199518574402441997e-03
3.197942646220981733e-03
3.198037187184747231e-03
3.199802346849231916e-03
3.198226285883136368e-03
3.199975788125953256e-03
3.200070400383894179e-03
3.200165018236721635e-03
3.200243870721636470e-03
3.198699130480238753e-03
3.197193505350493306e-03
3.197272291605634306e-03
3.199022119164385107e-03
3.197461394461353305e-03
3.197555954277833765e-03
3.197634758397369624e-03
3.197729328468203007e-03
3.199479419682235443e-03
3.197918485392328442e-03
3.197997307382336764e-03
3.198091898899480586e-03
3.198170729438381838e-03
3.198281098721933273e-03
3.198359938588492529e-03
3.196837948247288098e-03
3.196893279107889275e-03
3.196972091369167188e-03
3.198706880182919116e-03
3.198801513681341201e-03
3.195639019115803676e-03
3.197389687096869985e-03
3.199069672337724254e-03
3.195906920583504052e-03
3.197641974006661114e-03
3.197720821830928213e-03
3.197760427758431553e-03
3.197910072475093624e-03
3.196332503485394948e-03
3.198028550704284153e-03
3.198162441515624461e-03
3.196584754250010683e-03
3.198335968338242557e-03
3.196773968453527851e-03
3.196868583955597698e-03
3.196947434485930637e-03
3.197026288905859253e-03
3.197120919344687961e-03
3.197199782323148064e-03
3.197294423033051128e-03
3.197373294571436136e-03
3.197452170001157182e-03
3.197546825653603975e-03
3.197609932535757944e-03
3.196047456435107629e-03
3.197783489305683693e-03
3.194618748678070691e-03
3.197957064917105949e-03
3.194776392412643044e-03
3.196528348013125392e-03
3.196552169387852776e-03
3.196686098434975681e-03
3.196709924877963547e-03
3.196859641883496254e-03
3.198541048469258179e-03
3.195359809534707544e-03
3.198698918475497734e-03
3.195533298961685236e-03
3.198856804066637412e-03
3.195691032971210901e-03
3.197372668007240210e-03
3.195864558368032016e-03
3.197530504495847518e-03
3.196022325082504070e-03
3.196085436129817575e-03
3.196180107374513215e-03
3.196243224653246180e-03
3.196337905245832771e-03
3.196432591447929614e-03
3.196495718699300746e-03
3.196590414251689830e-03
3.195050342375801815e-03
