1.9290540277698154e-6
3.263836817450444e-7
3.188376472917693e-7
1.93065504688694e-6
3.262850734883358e-7
3.1850932919790444e-7
1.926295034291358e-6
3.256459499337956e-7
3.189297824616181e-7
1.9263849652695105e-6
3.262690202288315e-7
3.1908180544706643e-7
1.9283961191972092e-6
3.25699321071222e-7
3.1871487065379864e-7
1.930361404027689e-6
3.2572818262457066e-7
3.1861841253768454e-7
1.929384952559738e-6
3.2604673766172867e-7
3.191975830954675e-7
1.925909836575189e-6
3.262739698699582e-7
3.181637561957792e-7
1.9239812063941582e-6
3.259148925382745e-7
3.188875321313032e-7
1.9275250340032163e-6
3.2644806907877856e-7
3.1910158110514867e-7
1.9264068999062385e-6
3.255027905993587e-7
3.191743086561642e-7
1.931422606237719e-6
3.256848321808516e-7
3.1844829279712624e-7
1.927002994013665e-6
3.2656464118439985e-7
3.184928456810362e-7
1.9276269401149084e-6
3.256729197603022e-7
3.181647516406479e-7
1.924533644160988e-6
3.260241754285828e-7
3.1835882719204035e-7
1.928174377232416e-6
3.258991134785756e-7
3.1920387248223694e-7
1.925826674228344e-6
3.2637050141510585e-7
3.18564427143461e-7
1.925526487281529e-6
3.262312739197737e-7
3.182029249957509e-7
1.930366278130103e-6
3.26538617160884e-7
3.1828619200331865e-7
1.928034223908611e-6
3.262606239701815e-7
3.1932386715690293e-7
1.9238888712309883e-6
3.26045592706172e-7
3.1925120133977384e-7
1.9281532292277986e-6
3.258895827785392e-7
3.192394469444311e-7
1.9308880088048182e-6
3.261935061837092e-7
3.1907488469832715e-7
1.930585390180498e-6
3.255572757758314e-7
3.187115720655079e-7
1.9289894052811807e-6
3.254055456446245e-7
3.1806614951001627e-7
1.928336753761635e-6
3.2549515146487226e-7
3.192325441406304e-7
1.92435186464582e-6
3.258597621818611e-7
3.1872455029738175e-7
1.9277325906108167e-6
3.2612684226735933e-7
3.18171031142135e-7
1.9251567177070623e-6
3.2621623857310157e-7
3.1881840095847475e-7
1.927215329814195e-6
3.255233860187892e-7
3.187565548171964e-7
1.9252893316882994e-6
3.2665626210457954e-7
3.1891932090050573e-7
1.9268811157930362e-6
3.259606680136888e-7
3.1864097787146746e-7
1.9243199046158884e-6
3.2620339256361913e-7
3.1867489970911546e-7
1.930120991727819e-6
3.257422034361941e-7
3.190768059131561e-7
1.9249009053365116e-6
3.261450300364053e-7
3.1885672109700566e-7
1.926916130181347e-6
3.2538982042255553e-7
3.189938200403585e-7
1.926303722955978e-6
3.2606131098944813e-7
3.1912451362616373e-7
1.9262899655324284e-6
3.26361201164277e-7
3.192137044618197e-7
1.9293907762928897e-6
3.2601803411132937e-7
3.181438181028266e-7
1.9268694012705897e-6
3.2650059828359575e-7
3.1876834822995995e-7
1.9260921302081568e-6
3.2561563708277865e-7
3.180874709315915e-7
1.9309206590204593e-6
3.25426967097642e-7
3.184803702458121e-7
1.929237482075274e-6
3.2597054012366236e-7
3.1869336688498694e-7
1.927651848846926e-6
3.260034158481016e-7
3.186843305119144e-7
1.924139328757183e-6
3.264829429243692e-7
3.1931975295629975e-7
1.925760159089429e-6
3.2614620641708e-7
3.187834183337728e-7
1.931181245030513e-6
3.2551951307691795e-7
3.193049542471347e-7
1.9314164537949033e-6
3.261663150711059e-7
3.1881462659694015e-7
1.9308791078539944e-6
3.2550809683513656e-7
3.186912493167593e-7
1.925624884742867e-6
3.258757494772215e-7
3.1849285939393923e-7
1.9272994217206515e-6
3.2565373989504735e-7
3.181912534108875e-7
1.9296538942970673e-6
3.2625684939754635e-7
3.1925416063734185e-7
1.9256448628758585e-6
3.25800880107799e-7
3.1930774597700443e-7
1.9263317270746144e-6
3.2551112978389355e-7
3.190000144660193e-7
1.92957627547098e-6
3.261997386621877e-7
3.184121314087627e-7
1.926501390896057e-6
3.2618143593590496e-7
3.1895094269583456e-7
1.930295248810132e-6
3.2536705533305126e-7
3.183458373117718e-7
1.9246601704298727e-6
3.2589163964652546e-7
3.1810444403840706e-7
1.9269673645352695e-6
3.265776872231436e-7
3.1855593556318383e-7
1.9270549077712957e-6
3.2569519693543063e-7
3.193067192207753e-7
1.930211494641969e-6
3.264181364901058e-7
3.1816378996015755e-7
1.9285813536902692e-6
3.257462636520093e-7
3.1809239248361664e-7
1.929050008468293e-6
3.2558309517973874e-7
3.191035631283944e-7
1.9266086369370076e-6
3.2597342832053055e-7
3.1833251943652563e-7
1.1282087152995744e-6
-3.722603088556948e-7
-4.912923960398545e-7
1.129949377457336e-6
-3.727490611067348e-7
-4.864781193556107e-7
1.1267164867173704e-6
-3.7243049333304594e-7
-4.86607741995791e-7
1.1284253470095679e-6
-3.719927879588286e-7
-4.907615922504856e-7
1.1277514326348718e-6
-3.701174696764243e-7
-4.898936239739069e-7
1.128405208617716e-6
-3.7254568231235223e-7
-4.875579224810459e-7
1.1277896838030994e-6
-3.7142285412560006e-7
-4.930333053184868e-7
1.127956545891047e-6
-3.719844531553196e-7
-4.880689572766479e-7
1.1271133843438783e-6
-3.7506082709767953e-7
-4.903274922298038e-7
1.1287352733812208e-6
-3.736146152289432e-7
-4.897782947583996e-7
1.1268386063212224e-6
-3.699440322193313e-7
-4.920701083139572e-7
1.1291664474777364e-6
-3.698770193631531e-7
-4.896108726603989e-7
1.1277238205042e-6
-3.746834856462199e-7
-4.900875251399525e-7
1.1277179591959535e-6
-3.730380704399582e-7
-4.864680638189679e-7
1.1264308643730643e-6
-3.7227241416881224e-7
-4.920422705968827e-7
1.128571715718199e-6
-3.709167530133814e-7
-4.876638895570189e-7
1.1269722388017062e-6
-3.7149190110566743e-7
-4.859765914289707e-7
1.1275198709070777e-6
-3.733946910881687e-7
-4.897519088909703e-7
1.1295916120773206e-6
-3.7509496762016255e-7
-4.852123584579442e-7
1.1295103983866027e-6
-3.732668008873182e-7
-4.922270225529311e-7
1.126368065767487e-6
-3.749589787400891e-7
-4.8754845563645e-7
1.1294027887851473e-6
-3.748555299278076e-7
-4.888695464526696e-7
1.1296562059695902e-6
-3.721674889106204e-7
-4.887093734034221e-7
1.1286605338978854e-6
-3.693654021846816e-7
-4.910057915099621e-7
1.1291800007308018e-6
-3.702148325435106e-7
-4.866521993452941e-7
1.1285391967246585e-6
-3.6935005018962715e-7
-4.914690235668271e-7
1.1248109645406706e-6
-3.7335217360086615e-7
-4.861350990099403e-7
1.1279502177902133e-6
-3.7112995728904964e-7
-4.906740225153203e-7
1.127643553838072e-6
-3.755763551208021e-7
-4.865331555906124e-7
1.1268125511531792e-6
-3.715511981428907e-7
-4.919109961227683e-7
1.1277464195498893e-6
-3.7584710054744087e-7
-4.893523706656027e-7
1.1262150099859034e-6
-3.726959995464631e-7
-4.924005553483217e-7
1.1262706513298643e-6
-3.743561791229419e-7
-4.881014688634889e-7
1.1305618362502886e-6
-3.733320796490832e-7
-4.922330004533405e-7
1.1258795140753441e-6
-3.712851997615053e-7
-4.870173955826009e-7
1.126956732507762e-6
-3.724305606156512e-7
-4.914144408371804e-7
1.1275377096329995e-6
-3.7173832331731863e-7
-4.87156074734941e-7
1.1273004482242119e-6
-3.740866835762755e-7
-4.940841036085886e-7
1.1295618397544382e-6
-3.7491790428554136e-7
-4.91337461428284e-7
1.126826855276318e-6
-3.7165554380657374e-7
-4.929191494149571e-7
1.128238384634898e-6
-3.739010016833781e-7
-4.8835218008255e-7
1.1307293011177263e-6
-3.726625257255897e-7
-4.875216958457582e-7
1.1296324664110968e-6
-3.7127354699710793e-7
-4.864656302691323e-7
1.1281736427199428e-6
-3.7142887415046887e-7
-4.877501651275434e-7
1.1270808590430779e-6
-3.7132638111500757e-7
-4.932353638180985e-7
1.1256305293777066e-6
-3.7188057272573913e-7
-4.871027440608935e-7
1.1308309163628363e-6
-3.731937218844078e-7
-4.9303015621059e-7
1.1305321065480672e-6
-3.744948254595643e-7
-4.930759865493253e-7
1.1289577003503616e-6
-3.712069439070265e-7
-4.920795284418776e-7
1.1266938175194242e-6
-3.7380626167428426e-7
-4.871646405420335e-7
1.1267458109467566e-6
-3.7068524508618523e-7
-4.889211774686239e-7
1.1276683497200867e-6
-3.7152367868086174e-7
-4.894473019474866e-7
1.1261714025364551e-6
-3.74703428919186e-7
-4.899464355831703e-7
1.126322713747026e-6
-3.70022972006266e-7
-4.904574353667619e-7
1.1303564853151727e-6
-3.7373578501571894e-7
-4.901926144407094e-7
1.1265748216400911e-6
-3.7256895132481576e-7
-4.890651014023485e-7
1.1281307122754656e-6
-3.719880682914904e-7
-4.910740524089769e-7
1.1257113746608532e-6
-3.7312132810783e-7
-4.911906643174068e-7
1.128583330021678e-6
-3.730348472510529e-7
-4.90810018506177e-7
1.1263941773642499e-6
-3.7258795213759575e-7
-4.918470412177717e-7
1.130500338898962e-6
-3.7400738807293817e-7
-4.856993444558156e-7
1.1278081164307417e-6
-3.7164533187424444e-7
-4.861127288917442e-7
1.1282852574042078e-6
-3.707888142775965e-7
-4.888930474454468e-7
1.1263551735937064e-6
-3.7170141463251907e-7
-4.922298943670818e-7
2.8348117185881868e-6
6.543690068398323e-7
6.274740788221854e-7
2.834631862888208e-6
6.544026015269037e-7
6.2741267250497e-7
2.8346478242877767e-6
6.544273679218256e-7
6.274096712811879e-7
2.8339011900919628e-6
6.54433212482346e-7
6.273386689475759e-7
1.1277514326348718e-6
-3.701174696764243e-7
-4.898936239739069e-7
1.128405208617716e-6
-3.7254568231235223e-7
-4.875579224810459e-7
1.1277896838030994e-6
-3.7142285412560006e-7
-4.930333053184868e-7
1.127956545891047e-6
-3.719844531553196e-7
-4.880689572766479e-7
1.1271133843438783e-6
-3.7506082709767953e-7
-4.903274922298038e-7
1.1287352733812208e-6
-3.736146152289432e-7
-4.897782947583996e-7
1.1268386063212224e-6
-3.699440322193313e-7
-4.920701083139572e-7
1.1291664474777364e-6
-3.698770193631531e-7
-4.896108726603989e-7
1.1277238205042e-6
-3.746834856462199e-7
-4.900875251399525e-7
1.1277179591959535e-6
-3.730380704399582e-7
-4.864680638189679e-7
1.1264308643730643e-6
-3.7227241416881224e-7
-4.920422705968827e-7
1.128571715718199e-6
-3.709167530133814e-7
-4.876638895570189e-7
1.1269722388017062e-6
-3.7149190110566743e-7
-4.859765914289707e-7
1.1275198709070777e-6
-3.733946910881687e-7
-4.897519088909703e-7
1.1295916120773206e-6
-3.7509496762016255e-7
-4.852123584579442e-7
1.1295103983866027e-6
-3.732668008873182e-7
-4.922270225529311e-7
1.126368065767487e-6
-3.749589787400891e-7
-4.8754845563645e-7
1.1294027887851473e-6
-3.748555299278076e-7
-4.888695464526696e-7
1.1296562059695902e-6
-3.721674889106204e-7
-4.887093734034221e-7
1.1286605338978854e-6
-3.693654021846816e-7
-4.910057915099621e-7
1.1291800007308018e-6
-3.702148325435106e-7
-4.866521993452941e-7
1.1285391967246585e-6
-3.6935005018962715e-7
-4.914690235668271e-7
1.1248109645406706e-6
-3.7335217360086615e-7
-4.861350990099403e-7
1.1279502177902133e-6
-3.7112995728904964e-7
-4.906740225153203e-7
1.127643553838072e-6
-3.755763551208021e-7
-4.865331555906124e-7
1.1268125511531792e-6
-3.715511981428907e-7
-4.919109961227683e-7
1.1277464195498893e-6
-3.7584710054744087e-7
-4.893523706656027e-7
1.1262150099859034e-6
-3.726959995464631e-7
-4.924005553483217e-7
1.1262706513298643e-6
-3.743561791229419e-7
-4.881014688634889e-7
1.1305618362502886e-6
-3.733320796490832e-7
-4.922330004533405e-7
1.1258795140753441e-6
-3.712851997615053e-7
-4.870173955826009e-7
1.126956732507762e-6
-3.724305606156512e-7
-4.914144408371804e-7
1.1275377096329995e-6
-3.7173832331731863e-7
-4.87156074734941e-7
1.1273004482242119e-6
-3.740866835762755e-7
-4.940841036085886e-7
1.1295618397544382e-6
-3.7491790428554136e-7
-4.91337461428284e-7
1.126826855276318e-6
-3.7165554380657374e-7
-4.929191494149571e-7
1.128238384634898e-6
-3.739010016833781e-7
-4.8835218008255e-7
1.1307293011177263e-6
-3.726625257255897e-7
-4.875216958457582e-7
1.1296324664110968e-6
-3.7127354699710793e-7
-4.864656302691323e-7
1.1281736427199428e-6
-3.7142887415046887e-7
-4.877501651275434e-7
1.1270808590430779e-6
-3.7132638111500757e-7
-4.932353638180985e-7
1.1256305293777066e-6
-3.7188057272573913e-7
-4.871027440608935e-7
1.1308309163628363e-6
-3.731937218844078e-7
-4.9303015621059e-7
1.1305321065480672e-6
-3.744948254595643e-7
-4.930759865493253e-7
1.1289577003503616e-6
-3.712069439070265e-7
-4.920795284418776e-7
1.1266938175194242e-6
-3.7380626167428426e-7
-4.871646405420335e-7
1.1267458109467566e-6
-3.7068524508618523e-7
-4.889211774686239e-7
1.1276683497200867e-6
-3.7152367868086174e-7
-4.894473019474866e-7
1.1261714025364551e-6
-3.74703428919186e-7
-4.899464355831703e-7
1.126322713747026e-6
-3.70022972006266e-7
-4.904574353667619e-7
1.1303564853151727e-6
-3.7373578501571894e-7
-4.901926144407094e-7
1.1265748216400911e-6
-3.7256895132481576e-7
-4.890651014023485e-7
1.1281307122754656e-6
-3.719880682914904e-7
-4.910740524089769e-7
1.1257113746608532e-6
-3.7312132810783e-7
-4.911906643174068e-7
1.128583330021678e-6
-3.730348472510529e-7
-4.90810018506177e-7
1.1263941773642499e-6
-3.7258795213759575e-7
-4.918470412177717e-7
1.130500338898962e-6
-3.7400738807293817e-7
-4.856993444558156e-7
1.1278081164307417e-6
-3.7164533187424444e-7
-4.861127288917442e-7
1.1282852574042078e-6
-3.707888142775965e-7
-4.888930474454468e-7
1.1263551735937064e-6
-3.7170141463251907e-7
-4.922298943670818e-7
