5.978448399007541e-5
0.00011521236247615993
0.00012530834052563208
5.971403225925023e-5
0.00011526881803474432
0.00012501501129122156
5.97797746617301e-5
0.00011533880950865718
0.00012495709184504646
5.964093008565853e-5
0.00011520332275516636
0.0001252329130676983
5.979177220539356e-5
0.00011512516810959903
0.0001252271470649092
5.982885029487338e-5
0.0001153343350551945
0.0001250760826334289
5.983472388338584e-5
0.00011518810795670531
0.00012537689962008867
5.9658173539085056e-5
0.00011520368422224653
0.00012518321471170242
5.9637800224794216e-5
0.00011552690770312662
0.00012522963467084908
5.966867700958221e-5
0.00011532045785258871
0.00012515836353642242
5.9774775566207584e-5
0.0001151416479068091
0.00012531148478410622
5.9815184353427525e-5
0.00011510867403216106
0.00012524746653835744
5.972873574841134e-5
0.00011539411075894286
0.00012527476685465265
5.975820518930259e-5
0.00011538744890175042
0.00012506830198822123
5.9721174286151774e-5
0.00011526788894383582
0.00012543370288106828
5.971282340098149e-5
0.00011516613143643952
0.00012499117222939424
5.9736336755274286e-5
0.00011514443889080546
0.0001249684462193065
5.9676625783704196e-5
0.00011533388908078035
0.00012529463159722593
5.973022599876719e-5
0.00011543592797775891
0.0001249579190863094
5.962789863552632e-5
0.00011531733867114697
0.00012529995413220206
5.9696196376872357e-5
0.00011549938476833476
0.00012497541426563163
5.964251519897788e-5
0.00011551364662234289
0.00012507250183427446
5.974952657079475e-5
0.00011523209952810701
0.0001250850722073973
5.98178936982536e-5
0.00011508148043854008
0.00012530610595363554
5.9699972627837346e-5
0.00011518079373595572
0.00012509409252459459
5.9723016815065234e-5
0.00011508918204686006
0.00012526042652292096
5.984784167537705e-5
0.00011538633487702671
0.00012495585689770665
5.9743675230287225e-5
0.00011514949319935334
0.00012536636639640298
5.96488256179462e-5
0.00011552793486102166
0.00012497151042961633
5.981476428494282e-5
0.00011527910137754432
0.00012536269993876866
5.964651411665614e-5
0.00011548434623989127
0.0001251565200187608
5.984893458134421e-5
0.0001153126986217996
0.00012541767571614193
5.972431888362226e-5
0.00011542251974990415
0.00012510586548974224
5.9637680836219615e-5
0.00011540298269011868
0.00012533705870582102
5.9784551049587046e-5
0.00011515985303182633
0.00012499778335814415
5.978895340697745e-5
0.00011537588574028754
0.00012529149036205272
5.971163857023623e-5
0.00011521264337773467
0.00012496848796936624
5.973047443581363e-5
0.00011537442380147481
0.00012544636179702198
5.96872726397174e-5
0.00011550031104283175
0.00012541904109270347
5.979743036364825e-5
0.00011513898787889122
0.00012543376399687826
5.9642961626519356e-5
0.00011547138720355585
0.00012521468892196959
5.966131833289644e-5
0.00011539205701257558
0.00012509462464600825
5.967408292521557e-5
0.00011518838581609576
0.00012498434075672294
5.9721665029934726e-5
0.0001151945120903328
0.0001250767503508616
5.964842837337304e-5
0.00011511271558799015
0.00012537030758381757
5.9845119674618604e-5
0.00011521418464323288
0.000125016255339259
5.9665098017073853e-5
0.0001154255609554533
0.0001253599052155211
5.9700962707318894e-5
0.00011544072437183566
0.0001254392126853655
5.9807386162520125e-5
0.0001152529358408054
0.00012538651001031928
5.975029758690616e-5
0.0001154238338134712
0.00012506475469657415
5.982438695099365e-5
0.00011518383368622406
0.00012523792450295205
5.985704172920795e-5
0.00011516648552400262
0.00012511041783507803
5.979472812883944e-5
0.00011551332004780421
0.000125140123554791
5.981435516176714e-5
0.00011514590574115665
0.0001252239408177794
5.962972070423668e-5
0.00011536718311193993
0.00012529607124884927
5.980108849021826e-5
0.00011526861267471835
0.00012513139981203914
5.984896201018482e-5
0.00011534248571918482
0.000125367014105483
5.978708458362053e-5
0.00011536008062118842
0.00012541419648870661
5.9655125767244096e-5
0.00011524885175732567
0.00012531737847447505
5.9841839285475826e-5
0.00011534587512487605
0.00012527355610633675
5.964722854766821e-5
0.00011535840666729899
0.00012501294528806793
5.97954302137584e-5
0.00011525272016657292
0.0001250537511633893
5.9777621724514794e-5
0.00011520329783262438
0.0001250965335433496
5.982462432515604e-5
0.00011522542240047988
0.00012545173965208914
1.3772532464374517e-5
1.1451910716305476e-5
1.1420130073651275e-5
1.3772512021252142e-5
1.1452211052350441e-5
1.1418316676707428e-5
1.3772337165206558e-5
1.1452616394303671e-5
1.1417883837949852e-5
1.3772090238992586e-5
1.1451870462913115e-5
1.1419611767461693e-5
1.3772501975753143e-5
1.1451498433236117e-5
1.1419632000767548e-5
1.3772706159118279e-5
1.1452587673593492e-5
1.1418687439014741e-5
1.3772649360809096e-5
1.1451804892539518e-5
1.142051103241641e-5
1.3772086664777827e-5
1.1451872158630134e-5
1.1419439214138379e-5
1.377192048176864e-5
1.145358353161466e-5
1.1419620079321943e-5
1.3772217286390815e-5
1.1452470470381176e-5
1.1419134122723643e-5
1.3772335892296329e-5
1.1451596562927573e-5
1.1420097438602531e-5
1.3772750943244317e-5
1.145141360552035e-5
1.141980270972114e-5
1.3772291917029325e-5
1.1452847753849808e-5
1.141996969388047e-5
1.3772390654836567e-5
1.1452868904771442e-5
1.1418708684966328e-5
1.377210825835883e-5
1.145222237146073e-5
1.1421004505480527e-5
1.37723421121291e-5
1.1451699548445724e-5
1.1418057814983915e-5
1.3772226234713886e-5
1.145155767051649e-5
1.1418012096199323e-5
1.3772094918020109e-5
1.1452553973600324e-5
1.1420141369685005e-5
1.377252348746996e-5
1.145306811622709e-5
1.1417989071981876e-5
1.3772176197878312e-5
1.1452465688367407e-5
1.1420000875458493e-5
1.3772018080790423e-5
1.1453431170076532e-5
1.1417950712875844e-5
1.3772210712522812e-5
1.1453515741227586e-5
1.1418568011945794e-5
1.3772592086561323e-5
1.1452025234187239e-5
1.1418672466495366e-5
1.3772702145081555e-5
1.1451279834260037e-5
1.1420134970582929e-5
1.3772375712561451e-5
1.145180669827897e-5
1.1418886604342263e-5
1.3772372937414994e-5
1.1451323745004515e-5
1.1419763595775725e-5
1.3772330810305879e-5
1.1452851283560667e-5
1.1417908051953526e-5
1.3772371749874919e-5
1.1451598790147167e-5
1.1420604553830927e-5
1.3772019565824417e-5
1.1453569951319629e-5
1.1417993448809723e-5
1.3772465078704133e-5
1.1452312097542027e-5
1.1420488370591777e-5
1.3772023847463773e-5
1.1453314074850285e-5
1.1419150873463017e-5
1.3772506044926852e-5
1.1452460085050673e-5
1.1420858572784732e-5
1.3772101239708182e-5
1.1453018926923136e-5
1.1418867547143654e-5
1.3772337345580523e-5
1.1452945756659593e-5
1.142027513234972e-5
1.3772249406098328e-5
1.1451651642625242e-5
1.1418152778906662e-5
1.3772395158947149e-5
1.1452826282249804e-5
1.1419997678438123e-5
1.3772211798886577e-5
1.1451931854482239e-5
1.1417927037106291e-5
1.3772248292356908e-5
1.1452757595312535e-5
1.1420950594767175e-5
1.377237648335158e-5
1.1453437725550217e-5
1.1420945929996706e-5
1.377240907936614e-5
1.1451521338852432e-5
1.1420940731729729e-5
1.3772072855216553e-5
1.1453311786600468e-5
1.1419651259946396e-5
1.3772433522549457e-5
1.1452908634466582e-5
1.1418826507759864e-5
1.3772342759554171e-5
1.1451811202341932e-5
1.1418093226420022e-5
1.3772322245245925e-5
1.1451840925446521e-5
1.1418680082930575e-5
1.3771946854829847e-5
1.145138572746741e-5
1.1420448903839914e-5
1.3772423761194444e-5
1.1451934771319385e-5
1.1418281625826194e-5
1.3772457597282955e-5
1.1453078094234293e-5
1.1420385820932158e-5
1.3772540080721454e-5
1.145311646180003e-5
1.1420968973813793e-5
1.3772698172040197e-5
1.1452176586558977e-5
1.1420651396991076e-5
1.3772236905625847e-5
1.1453046393734476e-5
1.1418633839874492e-5
1.3772487640620747e-5
1.1451807004631378e-5
1.1419782249302524e-5
1.3772711942458091e-5
1.1451679491487974e-5
1.1418805745728859e-5
1.37723213720071e-5
1.145351963736777e-5
1.1418987151727792e-5
1.3772403664826757e-5
1.1451618143299455e-5
1.1419567465256644e-5
1.3772282470859536e-5
1.1452729757247054e-5
1.14201187675247e-5
1.3772392024941358e-5
1.1452216357716516e-5
1.1418986530166118e-5
1.3772736350704308e-5
1.1452653211769424e-5
1.1420580731270761e-5
1.3772239523381443e-5
1.1452711894430988e-5
1.1420920971498458e-5
1.377215527476613e-5
1.1452088904726202e-5
1.1420231773614938e-5
1.3772506969277447e-5
1.145265022587921e-5
1.1419834546878134e-5
1.3772359588984855e-5
1.1452670413579038e-5
1.1418357377539339e-5
1.37725235763862e-5
1.1452160417319837e-5
1.141862746190363e-5
1.3772521855547832e-5
1.1451912879867453e-5
1.1418742053010049e-5
1.3772441378650158e-5
1.1452004011459743e-5
1.1421124265810434e-5
1.3629663183769793e-5
1.1799897981078517e-5
1.1452998663745388e-5
1.3629976402338413e-5
1.1800441206839212e-5
1.145186752814067e-5
1.3630277817918152e-5
1.1800896431900883e-5
1.1451819227807424e-5
1.3625873129863072e-5
1.1801330527376418e-5
1.1452341757821736e-5
1.3772501975753143e-5
1.1451498433236117e-5
1.1419632000767548e-5
1.3772706159118279e-5
1.1452587673593492e-5
1.1418687439014741e-5
1.3772649360809096e-5
1.1451804892539518e-5
1.142051103241641e-5
1.3772086664777827e-5
1.1451872158630134e-5
1.1419439214138379e-5
1.377192048176864e-5
1.145358353161466e-5
1.1419620079321943e-5
1.3772217286390815e-5
1.1452470470381176e-5
1.1419134122723643e-5
1.3772335892296329e-5
1.1451596562927573e-5
1.1420097438602531e-5
1.3772750943244317e-5
1.145141360552035e-5
1.141980270972114e-5
1.3772291917029325e-5
1.1452847753849808e-5
1.141996969388047e-5
1.3772390654836567e-5
1.1452868904771442e-5
1.1418708684966328e-5
1.377210825835883e-5
1.145222237146073e-5
1.1421004505480527e-5
1.37723421121291e-5
1.1451699548445724e-5
1.1418057814983915e-5
1.3772226234713886e-5
1.145155767051649e-5
1.1418012096199323e-5
1.3772094918020109e-5
1.1452553973600324e-5
1.1420141369685005e-5
1.377252348746996e-5
1.145306811622709e-5
1.1417989071981876e-5
1.3772176197878312e-5
1.1452465688367407e-5
1.1420000875458493e-5
1.3772018080790423e-5
1.1453431170076532e-5
1.1417950712875844e-5
1.3772210712522812e-5
1.1453515741227586e-5
1.1418568011945794e-5
1.3772592086561323e-5
1.1452025234187239e-5
1.1418672466495366e-5
1.3772702145081555e-5
1.1451279834260037e-5
1.1420134970582929e-5
1.3772375712561451e-5
1.145180669827897e-5
1.1418886604342263e-5
1.3772372937414994e-5
1.1451323745004515e-5
1.1419763595775725e-5
1.3772330810305879e-5
1.1452851283560667e-5
1.1417908051953526e-5
1.3772371749874919e-5
1.1451598790147167e-5
1.1420604553830927e-5
1.3772019565824417e-5
1.1453569951319629e-5
1.1417993448809723e-5
1.3772465078704133e-5
1.1452312097542027e-5
1.1420488370591777e-5
1.3772023847463773e-5
1.1453314074850285e-5
1.1419150873463017e-5
1.3772506044926852e-5
1.1452460085050673e-5
1.1420858572784732e-5
1.3772101239708182e-5
1.1453018926923136e-5
1.1418867547143654e-5
1.3772337345580523e-5
1.1452945756659593e-5
1.142027513234972e-5
1.3772249406098328e-5
1.1451651642625242e-5
1.1418152778906662e-5
1.3772395158947149e-5
1.1452826282249804e-5
1.1419997678438123e-5
1.3772211798886577e-5
1.1451931854482239e-5
1.1417927037106291e-5
1.3772248292356908e-5
1.1452757595312535e-5
1.1420950594767175e-5
1.377237648335158e-5
1.1453437725550217e-5
1.1420945929996706e-5
1.377240907936614e-5
1.1451521338852432e-5
1.1420940731729729e-5
1.3772072855216553e-5
1.1453311786600468e-5
1.1419651259946396e-5
1.3772433522549457e-5
1.1452908634466582e-5
1.1418826507759864e-5
1.3772342759554171e-5
1.1451811202341932e-5
1.1418093226420022e-5
1.3772322245245925e-5
1.1451840925446521e-5
1.1418680082930575e-5
1.3771946854829847e-5
1.145138572746741e-5
1.1420448903839914e-5
1.3772423761194444e-5
1.1451934771319385e-5
1.1418281625826194e-5
1.3772457597282955e-5
1.1453078094234293e-5
1.1420385820932158e-5
1.3772540080721454e-5
1.145311646180003e-5
1.1420968973813793e-5
1.3772698172040197e-5
1.1452176586558977e-5
1.1420651396991076e-5
1.3772236905625847e-5
1.1453046393734476e-5
1.1418633839874492e-5
1.3772487640620747e-5
1.1451807004631378e-5
1.1419782249302524e-5
1.3772711942458091e-5
1.1451679491487974e-5
1.1418805745728859e-5
1.37723213720071e-5
1.145351963736777e-5
1.1418987151727792e-5
1.3772403664826757e-5
1.1451618143299455e-5
1.1419567465256644e-5
1.3772282470859536e-5
1.1452729757247054e-5
1.14201187675247e-5
1.3772392024941358e-5
1.1452216357716516e-5
1.1418986530166118e-5
1.3772736350704308e-5
1.1452653211769424e-5
1.1420580731270761e-5
1.3772239523381443e-5
1.1452711894430988e-5
1.1420920971498458e-5
1.377215527476613e-5
1.1452088904726202e-5
1.1420231773614938e-5
1.3772506969277447e-5
1.145265022587921e-5
1.1419834546878134e-5
1.3772359588984855e-5
1.1452670413579038e-5
1.1418357377539339e-5
1.37725235763862e-5
1.1452160417319837e-5
1.141862746190363e-5
1.3772521855547832e-5
1.1451912879867453e-5
1.1418742053010049e-5
1.3772441378650158e-5
1.1452004011459743e-5
1.1421124265810434e-5
