4.586718291384127982e-02
4.602470482861266421e-02
4.618103349402705171e-02
4.633839711436009423e-02
4.649134189405450257e-02
4.664401603444440214e-02
4.678979615026385847e-02
4.693201409989075645e-02
4.706949107912779262e-02
4.720903541341704701e-02
4.733605602474712931e-02
4.746487896745160695e-02
4.758893861622480459e-02
4.771479216681984159e-02
4.783582474503197263e-02
4.795865036388324842e-02
4.807777736100576904e-02
4.820003613255783442e-02
4.831587120378633138e-02
4.843618621407796976e-02
4.854217744040479482e-02
4.865358637066553166e-02
4.876111385637649925e-02
4.887154377210169848e-02
4.897567097529809121e-02
4.908750210033672318e-02
4.919039635737644522e-02
4.930382818857029226e-02
4.940809407488293975e-02
4.952280127536677623e-02
4.961827573524009438e-02
4.972399263627667182e-02
4.982193015481495985e-02
4.993141934747076516e-02
5.002796325576631259e-02
5.013773739459101431e-02
5.023679785776026530e-02
5.034918083828269358e-02
5.044828928858864636e-02
5.056188491831146298e-02
5.065455196830675327e-02
5.076406185135129423e-02
5.085792000389378897e-02
5.096872252724457542e-02
5.106507625931027555e-02
5.117721699744668534e-02
5.127481033138048955e-02
5.138959018219179525e-02
5.148975788875379683e-02
5.160593318398656176e-02
5.170075563342611813e-02
5.181312415629953788e-02
5.190893709571700598e-02
5.202261466623046143e-02
5.212116449383451949e-02
5.223728715116144478e-02
5.233709351510641011e-02
5.245459629773460003e-02
5.255834979957242636e-02
5.267880361881727147e-02
5.277572605069409672e-02
5.289094084593411876e-02
5.298906229181119670e-02
5.310423428984607092e-02
5.320922170300079745e-02
5.332551721191146343e-02
5.343043354659013366e-02
5.355082890688999536e-02
5.365567589425643269e-02
5.378045760533974734e-02
5.387988684498547232e-02
5.399929319931586619e-02
5.410154427956588574e-02
5.422089812394626646e-02
5.432579354652321280e-02
5.444790613351273290e-02
5.455548295767653766e-02
5.467897759916338224e-02
5.478905406621789598e-02
5.491562792772406582e-02
5.501779092815350242e-02
5.513766243323137139e-02
5.524532158057361003e-02
5.536797138403958679e-02
5.547545714783354981e-02
5.559945635818266257e-02
5.571088216189701986e-02
5.583627103844454598e-02
5.594780751080806469e-02
5.607898121672602598e-02
5.618681989866548127e-02
5.630847068215175805e-02
5.641779603184616382e-02
5.654223733306785321e-02
5.665404657559641732e-02
5.677985501858079376e-02
5.689295787883349304e-02
5.702163338815686988e-02
5.713754781574614805e-02
5.726915973670494014e-02
5.738007121064674781e-02
5.750217345140677672e-02
5.761432974507166294e-02
5.774050287029187239e-02
5.785543722468797917e-02
5.798322716726743431e-02
5.809945808816666113e-02
5.823016186948570816e-02
5.834924824941071370e-02
5.847954450246624358e-02
5.859357021826321760e-02
5.871905941173789084e-02
5.883431406290325072e-02
5.896267487789001033e-02
5.907919335204452060e-02
5.920733294894667958e-02
5.932669762815344361e-02
5.945619093131338656e-02
5.957845477664324568e-02
5.971090663717409930e-02
5.982514298675544601e-02
5.995086594926525569e-02
6.006950890997232034e-02
6.019840596100015789e-02
6.031641902240496983e-02
6.044663377585839104e-02
6.056752091646998987e-02
6.069907820621711636e-02
6.082319131132481183e-02
6.095580597179558330e-02
6.107341087459679241e-02
6.119948279361753229e-02
6.131828751604216643e-02
6.144891484901697509e-02
6.156895765613831090e-02
6.169758661335059124e-02
6.182217689849552750e-02
6.195211218327604380e-02
6.207800760520358618e-02
6.221093145284749965e-02
6.233023844182106199e-02
6.245854226009747712e-02
6.257871834241096609e-02
6.270828263138332470e-02
6.283000579555379772e-02
6.295912860910432562e-02
6.308344987701548778e-02
6.321555751936765166e-02
6.334146962617569210e-02
6.347455927270490017e-02
6.359553842071170859e-02
6.372261349722775636e-02
6.384304305939320079e-02
6.397444614325926981e-02
6.409606568218736977e-02
6.422698909983311222e-02
6.435328943777234023e-02
6.448372663925699966e-02
6.461126916014507671e-02
6.474506439362913424e-02
6.486593680531874129e-02
6.499301779311306149e-02
6.511537244388268530e-02
6.524506085948303391e-02
6.537036312709423869e-02
6.549806418847120559e-02
6.562419128106831978e-02
6.575489048729322994e-02
6.588437874067332167e-02
6.601594938031685178e-02
6.613910367042499794e-02
6.626430237699437731e-02
6.639003414776462053e-02
6.651492734817388008e-02
6.664179676117973350e-02
6.676929894231220519e-02
6.689770691524767054e-02
6.702822033629174392e-02
6.715562494053478604e-02
6.728953058794216735e-02
6.741245574901685855e-02
6.753780027309184975e-02
6.766180925640848109e-02
6.778642132908500872e-02
6.791339917175683027e-02
6.804098315397336116e-02
6.817096975137512671e-02
6.829783023126385910e-02
6.842897933741438898e-02
6.855512380801946637e-02
6.868187495818001143e-02
6.880504985804565543e-02
6.893099288019154114e-02
6.905374892540040721e-02
6.918458418586216629e-02
6.930801248960347105e-02
6.943616164878912977e-02
6.956489700250266528e-02
6.969376468768699595e-02
6.982170504575439807e-02
6.994628888065386463e-02
7.006604727887322248e-02
7.019358883382871561e-02
7.031976627855036910e-02
7.044491787887802170e-02
7.056826175933446355e-02
7.070031367221027430e-02
7.082277868761104045e-02
7.095355227441427215e-02
7.108141550122638874e-02
7.120566707877404311e-02
7.132498414042992563e-02
7.145262696033591321e-02
7.157293591466995508e-02
7.169963748638481793e-02
7.182292190191587322e-02
7.195065805513255197e-02
7.207453194536908581e-02
7.220531518624613565e-02
7.232865884199760065e-02
7.245502126301148205e-02
7.257432602455569925e-02
7.269765339370326540e-02
7.281746834953063685e-02
7.294580453468808845e-02
7.306502231821529469e-02
7.319436386333980082e-02
7.331612786594358944e-02
7.344648912682401332e-02
7.356970166370914443e-02
7.369378793225590807e-02
7.381270328043018636e-02
7.393567400872905204e-02
7.405094229788711235e-02
7.417942433824167847e-02
7.429973205607963427e-02
7.442713401534860329e-02
7.454630985075877403e-02
7.467675325375026929e-02
7.479689209320017351e-02
7.492075885870132235e-02
7.503725931218320488e-02
7.516204830915422519e-02
7.527684003856099926e-02
7.540302128473379273e-02
7.551870758140921680e-02
7.564791469319213923e-02
7.576449498446950759e-02
7.589416520682891465e-02
7.601213643328626202e-02
7.613590208853401875e-02
7.624739176102932059e-02
7.637416392637870477e-02
7.648436100950395389e-02
7.661200561337008774e-02
7.672516619835595408e-02
7.685371143037997288e-02
7.696772323424325157e-02
7.709339277879577457e-02
7.720825907282204137e-02
7.733370005691235505e-02
7.744280651187067377e-02
7.756909436164745320e-02
7.767631955391435250e-02
7.780180353493156009e-02
7.791196906546264678e-02
7.804048465650195721e-02
7.815147314312856364e-02
7.828088094935047037e-02
7.839487267061888420e-02
7.851834702346641159e-02
7.862413044003307983e-02
7.874399938425606649e-02
7.885494036353749014e-02
7.897782845812324759e-02
7.908731825759997280e-02
7.921102058521704847e-02
7.932351207898656609e-02
7.944580498397903201e-02
7.955684230508876242e-02
7.968018297235746061e-02
7.978325675192755873e-02
7.990457815925093576e-02
8.001284914165468498e-02
8.013494436677001675e-02
8.023999000836722073e-02
8.036512631285407104e-02
8.047260052074621528e-02
8.059626048227447326e-02
8.070730388124015831e-02
8.082509022729662818e-02
8.092730847354219492e-02
8.104637383849951082e-02
8.114928107305538485e-02
8.127365010705646375e-02
8.137724429846503182e-02
8.150007038785611613e-02
8.160435455290797335e-02
8.172793577665940501e-02
8.183291663051649178e-02
8.195094514943880581e-02
8.205027895231296886e-02
8.216842381740149803e-02
8.227129912235646436e-02
8.239012807608619982e-02
8.249074386273898274e-02
8.261087420502168099e-02
8.271448048336491055e-02
8.283532725286178733e-02
8.293725084295594518e-02
8.305700664603762884e-02
8.315542058149925919e-02
8.327114953484843207e-02
8.336840202003856226e-02
8.348419189313077693e-02
8.358440130812672120e-02
8.370382732106679269e-02
8.380230145273176445e-02
8.392240794399266623e-02
8.402326362855419561e-02
8.413798473978131853e-02
8.423397501081969496e-02
8.435109050969762101e-02
8.444527788190601958e-02
8.456125792994295676e-02
8.465778813652553858e-02
8.477440479404912965e-02
8.487215160032168804e-02
8.498636034314130394e-02
8.508951250090597551e-02
8.520116863878873792e-02
8.529141030057610373e-02
8.540366700564482050e-02
8.549928087017624745e-02
8.560969822254221873e-02
8.570828082476024401e-02
8.582173287611617740e-02
8.591845336489489782e-02
8.603069922877777664e-02
8.613041279236098580e-02
8.623688229143471051e-02
8.633073595583991289e-02
8.643773509651564435e-02
8.653029941074923126e-02
8.664031562677507181e-02
8.673337850531676052e-02
8.684643255133923934e-02
8.693755802758049156e-02
8.704870572029431430e-02
8.714778093930668212e-02
8.725111337392263411e-02
8.734049206985659841e-02
8.744930453691217298e-02
8.753850544460807515e-02
8.764534880659025085e-02
8.773320683315673219e-02
8.784558726257100936e-02
8.793575473823668498e-02
8.804683998419329805e-02
8.813749882376610556e-02
8.824308163296305796e-02
8.833133650807006854e-02
8.843238367872095773e-02
8.852361753410704914e-02
8.862768256325602445e-02
8.871684772488075410e-02
8.882140867882014346e-02
8.891103412588310939e-02
8.901609464619272827e-02
8.910873131762075960e-02
8.920879390790041608e-02
8.929382502283268741e-02
8.939688205022883194e-02
8.948302984049665010e-02
8.958146664046959251e-02
8.966989236903707972e-02
8.977133610158580246e-02
8.986021595383367200e-02
8.996212808998763077e-02
9.004957157117318700e-02
9.014888859629584250e-02
9.023112102119956734e-02
9.033159445654623254e-02
9.041610542913808279e-02
9.051700186848721241e-02
9.059743681721396658e-02
9.070065863874117451e-02
9.078409016343706728e-02
9.088589101445382346e-02
9.096901059637232945e-02
9.106622645055247045e-02
9.114801277102019261e-02
9.124230137723102207e-02
9.132447904981727538e-02
9.142177144715211978e-02
9.150693431352753537e-02
9.160014990393290646e-02
9.168496902682747585e-02
9.178381762984977321e-02
9.186640805234941309e-02
9.195791834017226496e-02
9.203909077855630672e-02
9.213097654788517110e-02
9.220985597845185455e-02
9.230137709452185257e-02
9.238325641631438268e-02
9.247325845417685153e-02
9.255549395566806115e-02
9.265115630536116531e-02
9.273375589992695345e-02
9.282458972585019841e-02
9.290229540387186236e-02
9.299423445188963189e-02
9.306959433210079680e-02
9.315921309774191639e-02
9.323757399876278495e-02
9.332947303762786917e-02
9.340623856720976781e-02
9.349847795338722678e-02
9.357828373215702766e-02
9.366630836320331832e-02
9.374107620633323479e-02
9.382674930129535074e-02
9.390258574095887434e-02
9.398858347978826522e-02
9.406666448471069641e-02
9.415298993693936580e-02
9.422944420246687214e-02
9.431879451143525273e-02
9.439750455161552423e-02
9.448330800691680242e-02
9.455223158384488957e-02
9.463834093319380136e-02
9.471297529806867177e-02
9.479668563576590379e-02
9.486887473896990497e-02
9.495834184121149102e-02
9.503081788717980538e-02
9.511788440133800426e-02
9.519337096038951729e-02
9.527326271841915495e-02
9.534234240807383520e-02
9.542526238805378036e-02
9.550009057170875948e-02
9.558052690433796461e-02
9.565289056110297394e-02
9.573362880477795378e-02
9.580546070655207580e-02
9.588648192866762454e-02
9.595936409734379113e-02
9.604217016047990330e-02
9.611131174635868801e-02
9.618805344306385896e-02
9.625742107642963619e-02
9.633801038676191586e-02
9.640681703399085756e-02
9.648767505957199508e-02
9.655477499024313348e-02
9.663785738478494758e-02
9.670520406491214804e-02
9.677971872037526013e-02
9.685074093119493133e-02
9.692829846018012618e-02
9.699201610154552233e-02
9.706899691236198224e-02
9.713572368640599475e-02
9.721377592298927062e-02
9.728271839845646640e-02
9.736100317809208426e-02
9.742819570032863752e-02
9.750176752652994772e-02
9.756504621424767765e-02
9.763965532673364589e-02
9.770314405468882857e-02
9.777517448488826091e-02
9.784449064241168559e-02
9.791674830394990481e-02
9.798347394992498738e-02
9.805879332818764893e-02
9.812290093157184645e-02
9.819423539886543151e-02
9.825999336587193378e-02
9.832954094834744918e-02
9.839267475364986415e-02
9.846443062815660174e-02
9.852861191930872842e-02
9.860056082555965218e-02
9.866409295577054095e-02
9.873143214306520643e-02
9.879800088238181732e-02
9.886697232822358461e-02
9.892747272053920016e-02
9.899377300411095482e-02
9.905445390949273177e-02
9.912752383739462103e-02
9.918551926354041148e-02
9.925220212566009115e-02
9.931612601247258310e-02
9.938588028981555633e-02
9.944997559306541224e-02
9.951357769075813708e-02
9.957438400711288162e-02
9.963529521739358796e-02
9.969916014032716156e-02
9.976311437936613569e-02
9.982139290306918378e-02
9.988552230031161328e-02
9.994886611010322941e-02
1.000131742678699032e-01
1.000775726763670770e-01
1.001356631112852724e-01
1.001946910116445766e-01
1.002587307782976805e-01
1.003170391701178055e-01
1.003783359991408664e-01
1.004397148804403034e-01
1.005011759788799891e-01
1.005627194597650403e-01
1.006243454888454403e-01
1.006802340323496442e-01
1.007384611731916985e-01
1.007976536497188352e-01
1.008560302831553179e-01
1.009115739196226325e-01
1.009709921302849728e-01
1.010295916821794121e-01
1.010882660811613237e-01
1.011478929039216490e-01
1.012067388351743369e-01
1.012656397364097433e-01
1.013219129919907535e-01
1.013753127707202051e-01
1.014287985341296855e-01
1.014882016666600051e-01
1.015438450748242100e-01
1.015975328415713447e-01
1.016601007158159375e-01
1.017109728598007135e-01
1.017736878398488448e-01
1.018246928390887374e-01
1.018809503389182108e-01
1.019352458210572576e-01
1.019857501688747059e-01
1.020422003228745184e-01
1.020996524277859169e-01
1.021503209573813437e-01
1.022019867868686760e-01
1.022586960802294997e-01
1.023164119354908891e-01
1.023643727058102387e-01
1.024214879705959702e-01
1.024736547473275999e-01
1.025249570376210867e-01
1.025703750140874587e-01
1.026286594184374623e-01
1.026771505103345611e-01
1.027316682531199815e-01
1.027832592223404951e-01
1.028358376452791628e-01
1.028875453620300140e-01
1.029365163481101852e-01
1.029825452325761337e-01
1.030355488274946607e-01
1.030876548916367097e-01
1.031338597087656100e-01
1.031830940992751050e-01
1.032363209928506553e-01
1.032856635199488615e-01
1.033350589660948088e-01
1.033874939387267183e-01
1.034351148521096830e-01
1.034818431731042848e-01
1.035316311209611012e-01
1.035763867115369052e-01
1.036292684231434474e-01
1.036761918263453403e-01
1.037211125338472761e-01
1.037681313177255954e-01
1.038212198289844290e-01
1.038662645728291867e-01
1.039136037905220994e-01
1.039589143209140032e-01
1.040072759900193405e-01
1.040517246972214455e-01
1.040971704148540289e-01
1.041477488843586124e-01
1.041902745188108687e-01
1.042379132241060269e-01
1.042805253359474910e-01
1.043261964195059538e-01
1.043750925828781095e-01
1.044179745064581499e-01
1.044639386578753021e-01
1.045038591121961596e-01
1.045529305397197017e-01
1.045959765904933281e-01
1.046390631051664077e-01
1.046821901408198224e-01
1.047314378065353352e-01
1.047746489175271078e-01
1.048149973955944947e-01
1.048563502132532632e-01
1.049028621649975984e-01
1.049402641686385529e-01
1.049847880696822555e-01
1.050323914067054359e-01
1.050699015238479306e-01
1.051135709045624422e-01
1.051551891846663894e-01
1.051989145703289691e-01
1.052417240586477343e-01
1.052805256723312460e-01
1.053224088455678026e-01
1.053643490509781760e-01
1.054032528132147900e-01
1.054452421747164581e-01
1.054842350926081390e-01
1.055242004001565037e-01
1.055693947270454486e-01
1.056053910746230229e-01
1.056456107093350222e-01
1.056858420001472315e-01
1.057220594427086408e-01
1.057654386623241849e-01
1.058027044693008734e-01
1.058461524332818676e-01
1.058834820180888647e-01
1.059208422869436089e-01
1.059643924159967138e-01
1.059987251678847359e-01
1.060362967738417705e-01
1.060779621101235609e-01
1.061104175910619063e-01
1.061490484781088678e-01
1.061867365824218784e-01
1.062254275491276712e-01
1.062641704324529118e-01
1.063029223748322566e-01
1.063407287081893499e-01
1.063764588583504117e-01
1.064102190980262541e-01
1.064460894362860982e-01
1.064830080032103526e-01
1.065199328214962854e-01
1.065569069309035000e-01
1.065928847243838296e-01
1.066299137759299936e-01
1.066607448697861338e-01
1.066999151763852877e-01
1.067370045094340886e-01
1.067690362319119041e-01
1.068072826980727974e-01
1.068414304592024411e-01
1.068735121731803767e-01
1.069087376898997938e-01
1.069439668766612728e-01
1.069782327003465788e-01
1.070135117949949921e-01
1.070457126064217473e-01
1.070841676596841346e-01
1.071143910300275531e-01
1.071508703367632792e-01
1.071780291148555775e-01
1.072135183670730463e-01
1.072500901003401591e-01
1.072772885655318836e-01
1.073107731997662850e-01
1.073473938708617847e-01
1.073809035990966471e-01
1.074144579210722233e-01
1.074459743206953727e-01
1.074775327839435080e-01
1.075038522687681852e-01
1.075385694688585220e-01
1.075701887284725711e-01
1.076018066739948403e-01
1.076303226725258549e-01
1.076651474354060195e-01
1.076947269313228012e-01
1.077326990722324296e-01
1.077561165300885276e-01
1.077899785457011178e-01
1.078196846357062366e-01
1.078504364872359261e-01
1.078770491467174325e-01
1.079110130016183999e-01
1.079407928619669915e-01
1.079684877805778126e-01
1.080014596624037509e-01
1.080323260231782906e-01
1.080611698783364022e-01
1.080931678176646898e-01
1.081188869846517187e-01
1.081477821245241250e-01
1.081756383103872898e-01
1.082077078229302797e-01
1.082366547320212785e-01
1.082655969173321048e-01
1.082914127902100815e-01
1.083235547399296339e-01
1.083483654593416917e-01
1.083784665523950530e-01
1.084022683016433314e-01
1.084365884515180456e-01
1.084572709732856272e-01
1.084916483161438433e-01
1.085155084978021572e-01
1.085425334713441825e-01
1.085737900202082273e-01
1.085976932340839696e-01
1.086268968165207266e-01
1.086529391324297378e-01
1.086790174518511981e-01
1.087019311209253825e-01
1.087311942116993557e-01
1.087604730622496324e-01
1.087866084426955537e-01
1.088127358868173911e-01
1.088357164679577271e-01
1.088650550648684462e-01
1.088901982192447132e-01
1.089142833004460437e-01
1.089394521003517885e-01
1.089677990564607984e-01
1.089919221610120975e-01
1.090202972636863665e-01
1.090412783942690672e-01
1.090696808612191676e-01
1.090917378060979742e-01
1.091191149844212421e-01
1.091422593823776488e-01
1.091664912524064057e-01
1.091896805961055511e-01
1.092128590328298315e-01
1.092403002452232985e-01
1.092666990340927791e-01
1.092867377792019479e-01
1.093110415990430351e-01
1.093342778604710908e-01
1.093607251802500430e-01
1.093829482342194015e-01
1.094094198776127264e-01
1.094348447123025536e-01
1.094570785433838372e-01
1.094793448804771280e-01
1.095015994005489601e-01
1.095206813935330759e-01
1.095493453096651193e-01
1.095716538440042603e-01
1.095939727634630545e-01
1.096152165390601174e-01
1.096396785236559562e-01
1.096609641934304102e-01
1.096822371544446117e-01
1.097035418347472174e-01
1.097312347742743083e-01
1.097450915112602315e-01
1.097738723645250436e-01
1.097941496062761479e-01
1.098186951048711751e-01
1.098357756822327391e-01
1.098592729357991127e-01
1.098795637467308295e-01
1.099020112712817548e-01
1.099191241430999694e-01
1.099426591380505136e-01
1.099630072670339798e-01
1.099865617444731741e-01
1.100026361235070943e-01
1.100262089588490699e-01
1.100422981835593728e-01
1.100680171316173878e-01
1.100862717727587731e-01
1.101088084437210207e-01
1.101313543439078335e-01
1.101506842914647677e-01
1.101657440224422801e-01
1.101915417033800942e-01
1.102076908718712667e-01
1.102302799256833360e-01
1.102474972227268646e-01
1.102690265730670860e-01
1.102873570217628579e-01
1.103078250935310423e-01
1.103261477507330168e-01
1.103477314528818476e-01
1.103628369199280979e-01
1.103833571869253932e-01
1.104049197788019299e-01
1.104200675247978686e-01
1.104427422655461927e-01
1.104568224635247703e-01
1.104773570873756466e-01
1.105011133451828942e-01
1.105141305218549225e-01
1.105346870632751832e-01
1.105520354936348343e-01
1.105661516107746822e-01
1.105856460835829974e-01
1.106126885095520401e-01
1.106257396516809460e-01
1.106420140578658340e-01
1.106583166382810457e-01
1.106778447679632460e-01
1.106930515601663306e-01
1.107093716243186116e-01
1.107289189208208874e-01
1.107516951594152976e-01
1.107647891671414975e-01
1.107876022484788614e-01
1.107996196134140854e-01
1.108181119609314286e-01
1.108366104821883746e-01
1.108475534292270442e-01
1.108660628627517186e-01
1.108845784787560046e-01
1.108998508818799106e-01
1.109151508765546940e-01
1.109336839762688626e-01
1.109522232705050793e-01
1.109696776794673739e-01
1.109882290072335825e-01
1.109992120656222991e-01
1.110166822833430211e-01
1.110276732785133863e-01
1.110484076088129463e-01
1.110626391829018927e-01
1.110801303952459879e-01
1.110922319736668412e-01
1.111162234260652804e-01
1.111261462508534997e-01
1.111425638198098170e-01
1.111568235522880088e-01
1.111732732146036018e-01
1.111864465389333090e-01
1.112039788211541674e-01
1.112171832662759985e-01
1.112314655929553253e-01
1.112479162203656585e-01
1.112643717144422145e-01
1.112808320773444604e-01
1.112940352200628008e-01
1.113094292935488810e-01
1.113226404467010239e-01
1.113380202953836162e-01
1.113545034211669976e-01
1.113644851334803648e-01
1.113863846406168839e-01
1.113963739330858099e-01
1.114117750631746645e-01
1.114271804524256115e-01
1.114393459760586319e-01
1.114514922570808003e-01
1.114669095336416615e-01
1.114790629890020368e-01
1.114944883471020304e-01
1.115066716032997313e-01
1.115275187221256292e-01
1.115364399386595817e-01
1.115518816300565680e-01
1.115597053297473218e-01
1.115784255575827666e-01
1.115895037334739964e-01
1.116038567912412821e-01
1.116149410888124804e-01
1.116304285302682497e-01
1.116447925367105437e-01
1.116558864914347360e-01
1.116702574720332547e-01
1.116846321524223307e-01
1.116990105340300576e-01
1.117068644136066657e-01
1.117201426953111087e-01
1.117345310632037736e-01
1.117445619611304175e-01
1.117556799815123403e-01
1.117700783466560460e-01
1.117899054962806921e-01
1.117977779408019789e-01
1.118077999410666545e-01
1.118243824708663459e-01
1.118311532526337221e-01
1.118444626560693989e-01
1.118610554710759569e-01
1.118710909691863487e-01
1.118811515605445672e-01
1.118977319648431640e-01
1.119045163191393355e-01
1.119178439707744777e-01
1.119311747973929655e-01
1.119433975118958036e-01
1.119534510899775487e-01
1.119624180554046194e-01
1.119779323640168328e-01
1.119912778986223573e-01
1.120002292954484641e-01
1.120092053808738053e-01
1.120192735966017705e-01
1.120348029060245637e-01
1.120448764753641108e-01
1.120560345550543763e-01
1.120682632401585055e-01
1.120772527429250154e-01
1.120894864229701887e-01
1.121017682838574836e-01
1.121129152573460130e-01
1.121218907316007124e-01
1.121341572868558012e-01
1.121464265264175419e-01
1.121586984511693530e-01
1.121698570772628467e-01
1.121810179239112193e-01
1.121900293406442733e-01
1.121946349427217771e-01
1.122090704297858677e-01
1.122180876988536774e-01
1.122292363435185431e-01
1.122371402518486383e-01
1.122516086498651505e-01
1.122606114721761972e-01
1.122706735719784243e-01
1.122818557986069166e-01
1.122897688849509579e-01
1.123042269357340806e-01
1.123088490086820296e-01
1.123254877746147212e-01
1.123301128413031480e-01
1.123413075666267469e-01
1.123492312317464631e-01
1.123571336662442799e-01
1.123672142560281362e-01
1.123772966548186175e-01
1.123885014424087919e-01
1.123985876618138618e-01
1.124086756917407476e-01
1.124198867379271327e-01
1.124267028512535849e-01
1.124367962229485540e-01
1.124435922493190881e-01
1.124548109177933020e-01
1.124649096336010484e-01
1.124738877926745040e-01
1.124807124294944088e-01
1.124940938926433376e-01
1.124976206347656216e-01
1.125110288649240203e-01
1.125178364460750619e-01
1.125312489024604679e-01
1.125336565889878820e-01
1.125437475061698139e-01
1.125538859444248918e-01
1.125661591955373214e-01
1.125696948819714382e-01
1.125786908318952145e-01
1.125876882197477946e-01
1.125978120002849997e-01
1.126068124448800639e-01
1.126169396651292287e-01
1.126259431680255718e-01
1.126327915087722287e-01
1.126417978090683558e-01
1.126508055497968119e-01
1.126565087464315162e-01
1.126655191046452564e-01
1.126712472705986012e-01
1.126835441456985054e-01
1.126892746701615156e-01
1.126949832260336071e-01
1.127040002674183083e-01
1.127163265885427895e-01
1.127209111098192718e-01
1.127299323009730431e-01
1.127356692328464610e-01
1.127468509268756136e-01
1.127492809797282641e-01
1.127604882051689711e-01
1.127662064044520490e-01
1.127785452317539849e-01
1.127831369114793703e-01
1.127921685941146168e-01
1.128033830882113481e-01
1.128058189582543114e-01
1.128170131816019217e-01
1.128183208575717772e-01
1.128295404414527553e-01
1.128385798213948910e-01
1.128464904670574837e-01
1.128510899457803446e-01
1.128590025779192402e-01
1.128680469448805068e-01
1.128759619551848725e-01
1.128827471333339050e-01
1.128906642055828025e-01
1.128985823884427475e-01
1.129065016821480250e-01
1.129078167496552765e-01
1.129157378023544489e-01
1.129236599665346674e-01
1.129348980750739806e-01
1.129395076302761730e-01
1.129430085238818243e-01
1.129509347463455715e-01
1.129577065932332175e-01
1.129656578257153543e-01
1.129724543877651532e-01
1.129770683821101074e-01
1.129883162134377034e-01
1.129917987081581615e-01
1.129997549661220513e-01
1.130065328758851906e-01
1.130100400863581905e-01
1.130212708867940063e-01
1.130247794418681173e-01
1.130348786169644848e-01
1.130383884137261541e-01
1.130430100026106055e-01
1.130498164739250216e-01
1.130599426561702814e-01
1.130634318758108742e-01
1.130680793526372407e-01
1.130748890418299402e-01
1.130849963039828876e-01
1.130906725207566910e-01
1.130908675256223073e-01
1.130976801600856035e-01
1.131078141061624270e-01
1.131146285825072317e-01
1.131214438800127314e-01
1.131249389078263501e-01
1.131317556479760067e-01
1.131385732097089508e-01
1.131442551388577855e-01
1.131510742072105169e-01
1.131578940975676434e-01
1.131602787309790026e-01
1.131637775042366317e-01
1.131739219511283673e-01
1.131796075971886334e-01
1.131864311265859124e-01
1.131866320872672860e-01
1.131956197071532638e-01
1.132046312280691469e-01
1.132048333185821654e-01
1.132138232985154258e-01
1.132195131215744527e-01
1.132230404046191685e-01
1.132320327456513842e-01
1.132355611739329776e-01
1.132379285509992617e-01
1.132469460947741063e-01
1.132493142822326437e-01
1.132594721521601594e-01
1.132618412313706607e-01
1.132708618818614454e-01
1.132732547857941974e-01
1.132789279015760792e-01
1.132813214518165468e-01
1.132870185611231650e-01
1.132960197279454240e-01
1.132984144990124842e-01
1.133007864902992601e-01
1.133131167128135219e-01
1.133155127053353806e-01
1.133212132543195555e-01
1.133235868699319498e-01
1.133292883987541688e-01
1.133305452539987296e-01
1.133362476493278287e-01
1.133452557320231840e-01
1.133509594415134797e-01
1.133566637250716935e-01
1.133578989531116021e-01
1.133669328824039313e-01
1.133681686358330304e-01
1.133772039005033483e-01
1.133829108258907342e-01
1.133841704352341051e-01
1.133898782284379486e-01
1.133955865963347936e-01
1.134001537044890401e-01
1.134025330871281101e-01
1.134071008889966925e-01
1.134116690588577586e-01
1.134140723785805327e-01
1.134186412433490360e-01
1.134243528419935920e-01
1.134322303783358993e-01
1.134334925964530644e-01
1.134392056910185353e-01
1.134437765810342585e-01
1.134483478394216205e-01
1.134507308002783710e-01
1.134586345178812544e-01
1.134598750750320517e-01
1.134677797982454328e-01
1.134657117142293253e-01
1.134747376658565704e-01
1.134793115541306158e-01
1.134838858111442000e-01
1.134884604369414268e-01
1.134897256214708883e-01
1.134976107950654844e-01
1.134988764505110437e-01
1.135034524184367621e-01
1.135046953452988477e-01
1.135126054613215113e-01
1.135204931472187928e-01
1.135184261672406159e-01
1.135263377939010471e-01
1.135275818942802911e-01
1.135321603116571931e-01
1.135389286845431001e-01
1.135368620521173821e-01
1.135447528637723025e-01
1.135493326662475322e-01
1.135539359143613730e-01
1.135540363301326683e-01
1.135619290282448152e-01
1.135665102164465090e-01
1.135677794939526503e-01
1.135712158047050419e-01
1.135757978758668574e-01
1.135803803167732134e-01
1.135838173901257131e-01
1.135884004781950174e-01
1.135918380369706909e-01
1.135964217723395148e-01
1.136010058776548565e-01
1.136044441994461390e-01
1.136090289522765362e-01
1.136124677597555033e-01
1.136137163531329708e-01
1.136204924535082345e-01
1.136239319550048921e-01
1.136285182809431832e-01
1.136286210235259858e-01
1.136332078627352027e-01
1.136333338488958317e-01
1.136379212024080931e-01
1.136413619606124054e-01
1.136448029271829585e-01
1.136493912067688961e-01
1.136528326596017852e-01
1.136562743208652387e-01
1.136597161905762710e-01
1.136643056744772590e-01
1.136644095392673331e-01
1.136678520028352735e-01
1.136746333685277194e-01
1.136792240572186696e-01
1.136793283875090071e-01
1.136794558291828183e-01
1.136895544625792648e-01
1.136896591152797703e-01
1.136897868814837342e-01
1.136932309828732612e-01
1.136999917208514621e-01
1.137001198117019024e-01
1.137047128280541386e-01
1.137114745966931462e-01
1.137116030483966006e-01
1.137172169044234904e-01
1.137140053929980299e-01
1.137207913079407162e-01
1.137208969420654275e-01
1.137276834771108330e-01
1.137277893264980883e-01
1.137345764817456611e-01
1.137346825464469052e-01
1.137414703219978562e-01
1.137415766020638125e-01
1.137483649980196576e-01
1.137484714935017016e-01
1.137474518731472206e-01
1.137575591997290470e-01
1.137543476780919632e-01
1.137644558264689215e-01
1.137612443191883399e-01
1.137635433853913386e-01
1.137703108322083573e-01
1.137704411415911415e-01
1.137738903333717910e-01
1.137795088523254339e-01
1.137796394511155912e-01
1.137830892006596872e-01
1.137887083598329019e-01
1.137888392481227195e-01
1.137922895555648489e-01
1.137945898767740160e-01
1.137946978234748580e-01
1.137969983096276949e-01
1.138037920917079338e-01
1.138072433060241528e-01
1.138062243173137700e-01
1.138096526462782226e-01
1.138119537371340279e-01
1.138154055478928367e-01
1.138210502567754134e-01
1.138211821670370577e-01
1.138201401692781750e-01
1.138235925773520840e-01
1.138258942990907213e-01
1.138315167669677330e-01
1.138349697645032049e-01
1.138372718792450694e-01
1.138407252259496932e-01
1.138397065846533801e-01
1.138420089581551886e-01
1.138454626930299751e-01
1.138477652993711009e-01
1.138512193835313768e-01
1.138535222227471527e-01
1.138558251551215483e-01
1.138592797283716623e-01
1.138615828936701824e-01
1.138638861521493739e-01
1.138661895038128591e-01
1.138696447060437017e-01
1.138719482906946079e-01
1.138709299719417589e-01
1.138743855626866835e-01
1.138733440932011565e-01
1.138789701942695964e-01
1.138812742239344866e-01
1.138835783468317153e-01
1.138892281468821266e-01
1.138926847474627663e-01
1.138949892644194051e-01
1.138906253849870515e-01
1.138929299535356571e-01
1.138952346153514622e-01
1.139008622409503207e-01
1.139065132482366266e-01
1.139033016662700376e-01
1.139056067478600165e-01
1.139079119227479620e-01
1.139102171909404243e-01
1.139158458600749851e-01
1.139148280072607711e-01
1.139171335553993830e-01
1.139160925295384097e-01
1.139217449316645980e-01
1.139240507598015678e-01
1.139263566812821760e-01
1.139286626961130144e-01
1.139309688042983854e-01
1.139332750058450333e-01
1.139322341592160226e-01
1.139378876890435183e-01
1.139401941707069571e-01
1.139391534009353835e-01
1.139448074141897194e-01
1.139426133369659672e-01
1.139449432414959690e-01
1.139505744938960619e-01
1.139495338394609508e-01
1.139518640256177440e-01
1.139541479748424485e-01
1.139531304956625246e-01
1.139587624839173557e-01
1.139599161695808854e-01
1.139655716335699204e-01
1.139645311458367394e-01
1.139668619423588464e-01
1.139691464958880879e-01
1.139703235607389398e-01
1.139726082537574486e-01
1.139715909835670449e-01
1.139772242580609357e-01
1.139750529909479143e-01
1.139773611127177372e-01
1.139796693279735429e-01
1.139853031653657589e-01
1.139831318261557008e-01
1.139887659048217095e-01
1.139877488176524317e-01
1.139922288546725004e-01
1.139912118067403224e-01
1.139935205830316101e-01
1.139946750062487274e-01
1.139969839228299336e-01
1.139992929329462223e-01
1.140004474730811623e-01
1.140027566235086859e-01
1.140039112338032401e-01
1.140028711116964771e-01
1.140085299088650084e-01
1.140096846361061678e-01
1.140086445782776819e-01
1.140143037789888153e-01
1.140121089389264514e-01
1.140144418089150541e-01
1.140189232961791865e-01
1.140178833412349296e-01
1.140157115842271446e-01
1.140246982191067404e-01
1.140225032842377695e-01
1.140214865199814798e-01
1.140304737270503022e-01
1.140282787395113795e-01
1.140272620407704884e-01
1.140284172151409398e-01
1.140362498200979263e-01
1.140352100581857736e-01
1.140330381466838489e-01
1.140353487529031096e-01
1.140431819042177219e-01
1.140421422195657813e-01
1.140399702462668308e-01
1.140422811334221576e-01
1.140501148311700991e-01
1.140479196645599047e-01
1.140469031887094281e-01
1.140480587610726848e-01
1.140503699760517936e-01
1.140515024311963138e-01
1.140526812847078575e-01
1.140549926870463165e-01
1.140561484233481027e-01
1.140584599662204240e-01
1.140596157727933185e-01
1.140574203910328516e-01
1.140630833330612409e-01
1.140642392333381383e-01
1.140653951570414076e-01
1.140677070747348754e-01
1.140688630687254901e-01
1.140666907939246050e-01
1.140678236095780673e-01
1.140701356936476007e-01
1.140746433901543982e-01
1.140757995247397849e-01
1.140781118642148623e-01
1.140792680691073424e-01
1.140804242974361449e-01
1.140815805492026297e-01
1.140838931230513525e-01
1.140817207143618867e-01
1.140828770261471115e-01
1.140806813683600540e-01
1.140863229069188911e-01
1.140841504127581285e-01
1.140886357409954255e-01
1.140897921931994102e-01
1.140909486688485713e-01
1.140932616904835467e-01
1.140944182364714427e-01
1.140955748059067909e-01
1.140967313987908682e-01
1.140978880151236746e-01
1.141002013181396518e-01
1.141013580048244325e-01
1.141025147149612728e-01
1.141036714485503950e-01
1.141048282055930063e-01
1.141059849860897174e-01
1.141071417900415275e-01
1.141061259276035383e-01
1.141072827681682833e-01
1.141084396321892791e-01
1.141095965196693013e-01
1.141107534306068233e-01
1.141119103650035799e-01
1.141164202674583017e-01
1.141175772827706658e-01
1.141153813089560987e-01
1.141165383371968156e-01
1.141188524640669028e-01
1.141200095626974803e-01
1.141244966643807923e-01
1.141256538437069312e-01
1.141234809993818822e-01
1.141246381918766539e-01
1.141257954078390008e-01
1.141269526472691725e-01
1.141281099101688207e-01
1.141292671965389444e-01
1.141304245063790024e-01
1.141315818396902299e-01
1.141327391964735566e-01
1.141338965767295655e-01
1.141350539804596304e-01
1.141328577830306168e-01
1.141373688583412344e-01
1.141385263324954658e-01
1.141396838301260708e-01
1.141408413512335629e-01
1.141419988958184972e-01
1.141398026351847089e-01
1.141443140554242175e-01
1.141454716704464883e-01
1.141466293089494211e-01
1.141444562145837588e-01
1.141455906576307466e-01
1.141467483325634275e-01
1.141501023653487684e-01
1.141512600977813291e-01
1.141490869622215770e-01
1.141502214982596103e-01
1.141547334359863802e-01
1.141558912623590327e-01
1.141537180856066341e-01
1.141515216542471345e-01
1.141560105774602485e-01
1.141605228027293001e-01
1.141571916747561866e-01
1.141549952117940220e-01
1.141594843068365894e-01
1.141639967046470805e-01
1.141618234558071099e-01
1.141596269507086508e-01
1.141641162748765759e-01
1.141686289027624424e-01
1.141652975382586865e-01
1.141631010015578124e-01
1.141675904975854028e-01
1.141721032980431011e-01
1.141665752638550690e-01
1.141710649317534132e-01
1.141755779047957248e-01
1.141688915562004830e-01
1.141700497376197387e-01
1.141745395774022287e-01
1.141723661709535265e-01
1.141735244228696683e-01
1.141768561253324182e-01
1.141813693860429246e-01
1.141758409972057769e-01
1.141769993196259381e-01
1.141836861430560457e-01
1.141781576655497843e-01
1.141826479064446259e-01
1.141871614548583824e-01
1.141816328443436140e-01
1.141816328443432949e-01
1.141827912842848097e-01
1.141839497477329934e-01
1.141884402751787014e-01
1.141862667451508939e-01
1.141862667451508939e-01
1.141874252791220123e-01
1.141885838366024364e-01
1.141885838366027695e-01
1.141930745933139174e-01
1.141909010220943516e-01
1.141920596501066892e-01
1.141920596501066892e-01
1.141932183016307889e-01
1.141943769766685796e-01
1.141955356752192979e-01
1.141955356752196726e-01
1.142000267758716686e-01
1.141978531428643612e-01
1.141944975105213672e-01
1.141990119119595665e-01
1.142001707045720571e-01
1.142001707045720571e-01
1.142013295207014167e-01
1.141991325918025879e-01
1.142024883603478258e-01
1.142036472235130606e-01
1.142048061101975792e-01
1.142048061101978984e-01
1.142059650204023946e-01
1.142071239541281730e-01
1.142037680493685342e-01
1.142082829113743314e-01
1.142060859192720740e-01
1.142094418921428822e-01
1.142106008964346581e-01
1.142117599242496312e-01
1.142117599242496312e-01
1.142095861235522120e-01
1.142129189755887730e-01
1.142107219413518449e-01
1.142152371488431295e-01
1.142118810056823169e-01
1.142163962707596347e-01
1.142141992049217486e-01
1.142175554162029871e-01
1.142153583398310274e-01
1.142187145851741165e-01
1.142165174982689158e-01
1.142210329937031477e-01
1.142176766802350668e-01
1.142221922332623679e-01
1.142188358857311736e-01
1.142200183398833085e-01
1.142211543673120472e-01
1.142245107829727713e-01
1.142223136434002001e-01
1.142256700931265356e-01
1.142234729430199464e-01
1.142268294268125733e-01
1.142246322661732150e-01
1.142291481647862983e-01
1.142257916128586875e-01
1.142303075690748182e-01
1.142269509830794727e-01
1.142314669968999691e-01
1.142281103768356676e-01
1.142326264482613346e-01
1.142270957739983800e-01
1.142337859231590952e-01
1.142270957739979914e-01
1.142315886993189727e-01
1.142327714149422996e-01
1.142327481872220246e-01
1.142339309266194175e-01
1.142339076986637753e-01
1.142350904618364971e-01
1.142350672336446826e-01
1.142395836507324736e-01
1.142328931620250482e-01
1.142373863742263546e-01
1.142374096028900554e-01
1.142385459798295755e-01
1.142385692087287685e-01
1.142397056089750618e-01
1.142397288381100384e-01
1.142375314961640437e-01
1.142408652616633269e-01
1.142386911385536996e-01
1.142420249378942043e-01
1.142432078675128665e-01
1.142431846376704696e-01
1.142443675910699286e-01
1.142410104939661220e-01
1.142455041078589140e-01
1.142455273381729197e-01
1.142466638782720367e-01
1.142466871088218539e-01
1.142444897036735546e-01
1.142478236722324625e-01
1.142456494873362594e-01
1.142489834897408435e-01
1.142490067207623666e-01
1.142468092945475577e-01
1.142501433307985259e-01
1.142479691253064922e-01
1.142513031954041913e-01
1.142524863152899750e-01
1.142491289796151721e-01
1.142536229952684362e-01
1.142536462272333297e-01
1.142547829305271545e-01
1.142514487588838640e-01
1.142514487588842664e-01
1.142559428893387963e-01
1.142526086838456800e-01
1.142537686323586987e-01
1.142537686323586987e-01
1.142582861105282122e-01
1.142549286044250989e-01
1.142549286044250989e-01
1.142560886000454218e-01
1.142594229070920536e-01
1.142572486192199172e-01
1.142572486192203057e-01
1.142605829601194972e-01
1.142584086619499173e-01
1.142584086619495287e-01
1.142629031368412595e-01
1.142595687282352279e-01
1.142595687282352279e-01
1.142640632605381873e-01
1.142607288180772368e-01
1.142618889314769015e-01
1.142652234077931733e-01
1.142618889314769015e-01
1.142630490684344441e-01
1.142663835786067034e-01
1.142642092289504197e-01
1.142642092289500311e-01
1.142642092289500311e-01
1.142653694130257025e-01
1.142653694130257025e-01
1.142665296206612641e-01
1.142665296206612641e-01
1.142665296206616526e-01
1.142710244974611822e-01
1.142676898518580897e-01
1.142643319707517535e-01
1.142688501066163459e-01
1.142688501066163459e-01
1.142688501066163459e-01
1.142700103849362686e-01
1.142700103849362686e-01
1.142711706868195926e-01
1.142711706868195926e-01
1.142711706868195926e-01
1.142723310122669145e-01
1.142723310122673031e-01
1.142723310122673031e-01
1.142734913612788311e-01
1.142701333096887845e-01
1.142734913612788311e-01
1.142746517338557727e-01
1.142746517338557727e-01
1.142712936481669050e-01
1.142758121299979474e-01
1.142758121299979474e-01
1.142724540102096620e-01
1.142769725497071176e-01
1.142769725497071176e-01
1.142769725497071176e-01
1.142747748049948026e-01
1.142781329929842687e-01
1.142781329929842687e-01
1.142759352377377691e-01
1.142792934598288179e-01
1.142792934598288179e-01
1.142804539502421252e-01
1.142770956940487997e-01
1.142804539502417366e-01
1.142804539502417366e-01
1.142816144642247733e-01
1.142782561739285607e-01
1.142816144642247733e-01
1.142827750017777616e-01
1.142827750017777616e-01
1.142794166773781900e-01
1.142806004432047051e-01
1.142839355629023113e-01
1.142839355629023113e-01
1.142805772043979790e-01
1.142850961475974508e-01
1.142850961475974508e-01
1.142850961475974508e-01
1.142828983291502981e-01
1.142829215684289523e-01
1.142862567558653314e-01
1.142874173877065358e-01
1.142840589268850626e-01
1.142874173877065358e-01
1.142874173877065358e-01
1.142885780431212583e-01
1.142852195481929706e-01
1.142852427879437055e-01
1.142885780431216608e-01
1.142897387221109007e-01
1.142897387221109007e-01
1.142863801930743828e-01
1.142864034330610817e-01
1.142908994246752269e-01
1.142908994246752269e-01
1.142875408615302846e-01
1.142887247940202189e-01
1.142920601508156386e-01
1.142920601508156386e-01
1.142887015535614947e-01
1.142898622691686655e-01
1.142898855098634231e-01
1.142932209005327188e-01
1.142932209005327188e-01
1.142910230083530737e-01
1.142876875838091805e-01
1.142910462492839480e-01
1.142943816738278134e-01
1.142921837711143446e-01
1.142921837711143446e-01
1.142922070122811828e-01
1.142955424706999651e-01
1.142967032911515746e-01
1.142933445574536716e-01
1.142933445574536716e-01
1.142933677988565433e-01
1.142978641351824753e-01
1.142978641351824753e-01
1.142945053673722067e-01
1.142945053673722067e-01
1.142956894427450409e-01
1.142990250027940136e-01
1.142990250027940136e-01
1.142956662008699914e-01
1.142956662008699914e-01
1.142968503000594133e-01
1.142968503000594133e-01
1.143001858939863974e-01
1.143001858939863974e-01
1.142979879386073344e-01
1.142946523108020196e-01
1.142980111809544508e-01
1.143013468087597934e-01
1.143013468087597934e-01
1.142991488428478086e-01
1.142958131811627476e-01
1.142958131811627476e-01
1.143025077471160056e-01
1.143036687090556031e-01
1.143003097706715709e-01
1.143003097706715709e-01
1.142969740751064306e-01
1.143036687090559916e-01
1.143048296945791825e-01
1.143014707220779275e-01
1.143014707220779275e-01
1.142981349926320417e-01
1.142981349926320417e-01
1.143059907036871881e-01
1.143059907036871881e-01
1.143026316970684186e-01
1.143026316970684186e-01
1.142992959337414544e-01
1.143004568984341551e-01
1.143038159391707304e-01
1.143071517363798278e-01
1.143037926956429196e-01
1.143037926956429196e-01
1.143016178867107824e-01
1.143016178867107824e-01
1.143049769615666345e-01
1.143083127926588644e-01
1.143049537178033592e-01
1.143061147635497654e-01
1.143027788985739729e-01
1.143027788985739729e-01
1.143061380075495181e-01
1.143094738725252690e-01
1.143072758328826655e-01
1.143072758328826655e-01
1.143039399340226858e-01
1.143039399340226858e-01
1.143072990771185210e-01
1.143106349759784590e-01
1.143117961030198082e-01
1.143084369258030170e-01
1.143051009930585449e-01
1.143051009930585449e-01
1.143051009930585449e-01
1.143084601702749198e-01
1.143129572536498995e-01
1.143129572536498995e-01
1.143095980423115138e-01
1.143062620756810921e-01
1.143062620756810921e-01
1.143074231818922704e-01
1.143107824273530693e-01
1.143141184278697042e-01
1.143141184278697042e-01
1.143107591824092523e-01
1.143074231818925618e-01
1.143074231818925618e-01
1.143085843116929540e-01
1.143152796256804993e-01
1.143152796256804993e-01
1.143119203460965794e-01
1.143119203460965794e-01
1.143097454650827127e-01
1.143097454650827127e-01
1.143097454650827127e-01
1.143097454650827127e-01
1.143164408470816462e-01
1.143164408470816462e-01
1.143130815333739808e-01
1.143142427442424419e-01
1.143109066420632258e-01
1.143109066420632258e-01
1.143109066420632258e-01
1.143109066420632258e-01
1.143176020920741720e-01
1.143176020920741720e-01
1.143154039787026288e-01
1.143154039787026288e-01
1.143120678426340353e-01
1.143120678426340353e-01
1.143120678426340353e-01
1.143120678426340353e-01
1.143199246528383978e-01
1.143199246528383978e-01
1.143165652367556795e-01
1.143165652367556795e-01
1.143132290667973616e-01
1.143132290667973616e-01
1.143132290667973616e-01
1.143132290667973616e-01
1.143177497647626245e-01
1.143210859686112912e-01
1.143177265184016356e-01
1.143177265184016356e-01
1.143143903145533158e-01
1.143143903145533158e-01
1.143143903145533158e-01
1.143155515859023696e-01
1.143189110702388378e-01
1.143222473079782558e-01
1.143222473079782558e-01
1.143188878236414546e-01
1.143188878236414546e-01
1.143155515859017035e-01
1.143155515859017035e-01
1.143167128808444816e-01
1.143167128808444816e-01
1.143167128808444816e-01
1.143234086709407210e-01
1.143234086709407210e-01
1.143200491524759971e-01
1.143200491524759971e-01
1.143178741993819414e-01
1.143178741993819414e-01
