6.989783376535273728e-03
6.855382261193439415e-03
6.739970250937879492e-03
6.637092005511772280e-03
6.542748436697858570e-03
6.452023168707409460e-03
6.363350583205923047e-03
6.279186532471547726e-03
6.202060224347987795e-03
6.133691332780854231e-03
6.070097623064136735e-03
6.006987262695695148e-03
5.946131710151119666e-03
5.884108535818078148e-03
5.827685097452493974e-03
5.766743015150411697e-03
5.712309835050129354e-03
5.654195788174181184e-03
5.602607031459307281e-03
5.548187409638896152e-03
5.499717202593549029e-03
5.445828093593810433e-03
5.400294764032600135e-03
5.349360093624221275e-03
5.306864055674096088e-03
5.257194584696109861e-03
5.219452560679616743e-03
5.172828621523682321e-03
5.138176666448205157e-03
5.092909567968795757e-03
5.059015862964842854e-03
5.016255905048188149e-03
4.986471709725407916e-03
4.945097017196651949e-03
4.916764769519882394e-03
4.877706186535443224e-03
4.851765099489016055e-03
4.815002455253485601e-03
4.791455914451388763e-03
4.756224734606164829e-03
4.733669898587228309e-03
4.699387791626420847e-03
4.680219840261526376e-03
4.647425076271930779e-03
4.628973249275316303e-03
4.597771176056873570e-03
4.580910120017548520e-03
4.552174487034064097e-03
4.536061081201809252e-03
4.507079032498038755e-03
4.493044336406354887e-03
4.467026308657214180e-03
4.452855021317374436e-03
4.426622235311882675e-03
4.415060064814078748e-03
4.389540188966595778e-03
4.379703824548906999e-03
4.355887190469891722e-03
4.345932536120481610e-03
4.322854824154254497e-03
4.314179857600698373e-03
4.291434635065626176e-03
4.284539024912974864e-03
4.262548976121503623e-03
4.255574400492377792e-03
4.235323357758750615e-03
4.229213876974778283e-03
4.208831235528965806e-03
4.203575964127130755e-03
4.183025622816988892e-03
4.178241705163705279e-03
4.159977602245935879e-03
4.156071657677886007e-03
4.136738586940440741e-03
4.133750127496178817e-03
4.115286361108313508e-03
4.113169853139410533e-03
4.096496694060618692e-03
4.093386780569612492e-03
4.077594480165171870e-03
4.074958774618258478e-03
4.058653420078818692e-03
4.056946374213435055e-03
4.041572664940767598e-03
4.040781286425286500e-03
4.025279474878546739e-03
4.024497475486803720e-03
4.008899730273463892e-03
4.009046118381621830e-03
3.994332282186248070e-03
3.994097201723291989e-03
3.980883740414239633e-03
3.980633634029181502e-03
3.966321908082607456e-03
3.967018694637593212e-03
3.954685141181965742e-03
3.953343077045181654e-03
3.941916278276232956e-03
3.941552108507544172e-03
3.929092982722821870e-03
3.931349373794773561e-03
3.918412544811299830e-03
3.918649552077990705e-03
3.905639718404647649e-03
3.908911045727723847e-03
3.895833278506499135e-03
3.899098393472867716e-03
3.887000290306190375e-03
3.889210745292347084e-03
3.876007267037071598e-03
3.878916961408743896e-03
3.866300536288562201e-03
3.869180191411588244e-03
3.857547391816091090e-03
3.860421547012718706e-03
3.849793701921647333e-03
3.851598303789293548e-03
3.840914894931728944e-03
3.843791789037646466e-03
3.831982467422681126e-03
3.835535927329422178e-03
3.825476644098811576e-03
3.829018886019729378e-03
3.817845161885189114e-03
3.820341045763195852e-03
3.811230197193534158e-03
3.814784661414119971e-03
3.803493094093016169e-03
3.805981182606955979e-03
3.796755192188342246e-03
3.798942626900264369e-03
3.789325581544563445e-03
3.793640628072203220e-03
3.784017857182016536e-03
3.786174307843526501e-03
3.776493025070372118e-03
3.780779036520381074e-03
3.771079753121008796e-03
3.773216271065891331e-03
3.764530782331843711e-03
3.768550829688850894e-03
3.758426772882157187e-03
3.762400478422890226e-03
3.752282106184943230e-03
3.756283487585648090e-03
3.747167752634629999e-03
3.750050987628853263e-03
3.742019139748430784e-03
3.744928556467215421e-03
3.736835922131842656e-03
3.740574750359045280e-03
3.732146156847143334e-03
3.734742735431470593e-03
3.726277661998157742e-03
3.728885775023116789e-03
3.721523508134158033e-03
3.724119695563834521e-03
3.717843849332972631e-03
3.720442491901038151e-03
3.712993262145711324e-03
3.715338315633094201e-03
3.707552195676544222e-03
3.709857797870409497e-03
3.703193085950513656e-03
3.704381533537117778e-03
3.697687497104718782e-03
3.701125888747484882e-03
3.695567155008577451e-03
3.695587907081184648e-03
3.689964343170266080e-03
3.691989075572330199e-03
3.686099223637207250e-03
3.686992842932439174e-03
3.679905787371842013e-03
3.683062341190766146e-03
3.677136424431061597e-03
3.677969900841987060e-03
3.673197465098722563e-03
3.675208391428652199e-03
3.669195336914930945e-03
3.669789383221135071e-03
3.664664617773795430e-03
3.665227339852575837e-03
3.661257637770340238e-03
3.663008305480570676e-03
3.657830834475229304e-03
3.658426552429067547e-03
3.654384034372854927e-03
3.654963411185430978e-03
3.649769982234230773e-03
3.651244831648980688e-03
3.645743643490718510e-03
3.646025064840522061e-03
3.641720964003476203e-03
3.642037668132821083e-03
3.637662567246176520e-03
3.637961324524703003e-03
3.633581324374091266e-03
3.633888327755811689e-03
3.630653539125213401e-03
3.631925515975196420e-03
3.627248869663785014e-03
3.627297839066827984e-03
3.623825818909106114e-03
3.623870288051452438e-03
3.620356712988498024e-03
3.619208930692233844e-03
3.616896362869787690e-03
3.616918378972400552e-03
3.614609688795498467e-03
3.611960253246844065e-03
3.610636078349979683e-03
3.611607203532678743e-03
3.605401880981613880e-03
3.605168448325838000e-03
3.605030334432300816e-03
3.602360984543255280e-03
3.599754081434880255e-03
3.600773439439760443e-03
3.596907958557913915e-03
3.596433756665330661e-03
3.593591044411907024e-03
3.593111504082907321e-03
3.590257484420865744e-03
3.589772557951702390e-03
3.588152791901032864e-03
3.585184534739178659e-03
3.582306120453025537e-03
3.581808722985115479e-03
3.581407629792550135e-03
3.580678190081025471e-03
3.578818424554111588e-03
3.576827617370536509e-03
3.574972244116903820e-03
3.572958419872079155e-03
3.571080301760514494e-03
3.570346647411873093e-03
3.567183066836138866e-03
3.567679688224339313e-03
3.567066851639082853e-03
3.564824541987446967e-03
3.562704966265976391e-03
3.560508716604670991e-03
3.559594151440424129e-03
3.557375506152815614e-03
3.556484334469215292e-03
3.555505303485315474e-03
3.554623554601602734e-03
3.551108100191784859e-03
3.552754058734025437e-03
3.549022523290433322e-03
3.547909532658241431e-03
3.545464423129056439e-03
3.545646604632670708e-03
3.543150200496547868e-03
3.542039410012035473e-03
3.539519576827622211e-03
3.540973747843559859e-03
3.535916101845716381e-03
3.537369483338548715e-03
3.533385282886320269e-03
3.534631681250161202e-03
3.530635971594415449e-03
3.530609746425328755e-03
3.527918579610153389e-03
3.529120661668896930e-03
3.525101746278371233e-03
3.526347291138749382e-03
3.522360628873996268e-03
3.522281292290856385e-03
3.520664880416169394e-03
3.521716091809768377e-03
3.517482440964934867e-03
3.518546483324805959e-03
3.512999581099465578e-03
3.515349766281645853e-03
3.512426154035780575e-03
3.510848520228744205e-03
3.509206741325706508e-03
3.508930416371057372e-03
3.505792108690395856e-03
3.506684752660263905e-03
3.504835785898234926e-03
3.505729252144010495e-03
3.501216187918682488e-03
3.502107817597527404e-03
3.498957996389584577e-03
3.498486005554127774e-03
3.496631845293481089e-03
3.497494296676526091e-03
3.492850183238964835e-03
3.494819960859884417e-03
3.490164422251348063e-03
3.492180475361701068e-03
3.487513501275263730e-03
3.489530882050741710e-03
3.486153942171784682e-03
3.488173883572428559e-03
3.482107555431519699e-03
3.484141648707590310e-03
3.480590824783865757e-03
3.482457145236414909e-03
3.478884090255932298e-03
3.479427990296269247e-03
3.475814265797029599e-03
3.477683050502440414e-03
3.474106693187416130e-03
3.474633973343525112e-03
3.471048225759054695e-03
3.472919502594273584e-03
3.469168903234852702e-03
3.469536764388810555e-03
3.465776603224030028e-03
3.467492685824194714e-03
3.463724093709469494e-03
3.466765742608169960e-03
3.461650050171633484e-03
3.463368545404189348e-03
3.458240797011623378e-03
3.461302693861702771e-03
3.456006601661297355e-03
3.458928453620746871e-03
3.454968197674346611e-03
3.456531841216083003e-03
3.451213835701405497e-03
3.454141499934840036e-03
3.448812466912182413e-03
3.451789521041652778e-03
3.447756574918318852e-03
3.450737785894689331e-03
3.445197295995241875e-03
3.446633574400513426e-03
3.443890250279025168e-03
3.445313371997155497e-03
3.441171965427179853e-03
3.443956563737727693e-03
3.438444852048892948e-03
3.439868185989072239e-03
3.435708867064951513e-03
3.438498096205660961e-03
3.434247726407266017e-03
3.436895409654301941e-03
3.432590160933043921e-03
3.433870634613468437e-03
3.428170745146686890e-03
3.432208622988021374e-03
3.427918988586787803e-03
3.430588650925894822e-03
3.424868433330223449e-03
3.428978160614756798e-03
3.421677703926710463e-03
3.425645746817647819e-03
3.421152967268862016e-03
3.425126524720597827e-03
3.419212172130866451e-03
3.421807609403379122e-03
3.415914902761802308e-03
3.419896429792246024e-03
3.415364628719720977e-03
3.419351679105442614e-03
3.411887411321160458e-03
3.417149535126225417e-03
3.412485591761077030e-03
3.413535761865133574e-03
3.407470898873418957e-03
3.412744891003231806e-03
3.409506040120307332e-03
3.411951757695430142e-03
3.405868402314445910e-03
3.409759673930942789e-03
3.403548825517399828e-03
3.405879822516265278e-03
3.401057383354101800e-03
3.403389858882445787e-03
3.398607273065808350e-03
3.402328979509191241e-03
3.396087555021287500e-03
3.399875579110586427e-03
3.396497479916132500e-03
3.398821701966442226e-03
3.393850277970053564e-03
3.396072694150899067e-03
3.394022558503147387e-03
3.394823318433698618e-03
3.389851013656560840e-03
3.393488418409269531e-03
3.389969954696393610e-03
3.392198576529956936e-03
3.387245304481660470e-03
3.389475057129936499e-03
3.384410151944181218e-03
3.387939904149773682e-03
3.381400839108141595e-03
3.384996669979615114e-03
3.382756134222397303e-03
3.384872882471975843e-03
3.379800844283531187e-03
3.381918402646362249e-03
3.376789210146218835e-03
3.380380880295277748e-03
3.376599943778965662e-03
3.378616877964750031e-03
3.374830367522020733e-03
3.378291315856995786e-03
3.374500062226702853e-03
3.376535444305596607e-03
3.371308195849694479e-03
3.373344099715779813e-03
3.368044584929129164e-03
3.372996122133694284e-03
3.367650069202230995e-03
3.372502878653906890e-03
3.367165308888942291e-03
3.367601069161817347e-03
3.363691635435172179e-03
3.368553319577808920e-03
3.363186297629146369e-03
3.366564261111506390e-03
3.361155357900433033e-03
3.363144348886919991e-03
3.360556388321579106e-03
3.362408049724811832e-03
3.358373259045596606e-03
3.360210803133065454e-03
3.356170391852550308e-03
3.359519339570700598e-03
3.355489053752410637e-03
3.357314095612872352e-03
3.351780056035209409e-03
3.355133957709826534e-03
3.352422543214543527e-03
3.355690439957699760e-03
3.350053722865346112e-03
3.353308821098776368e-03
3.349152809938646305e-03
3.350907188055759524e-03
3.346760553675117746e-03
3.348515525124765111e-03
3.345854290486740233e-03
3.349082426775801952e-03
3.344820973449705043e-03
3.346518455597531205e-03
3.343760531629490305e-03
3.345429104812988608e-03
3.341122130864266227e-03
3.344317475965685564e-03
3.340040786227671792e-03
3.343238795608573493e-03
3.338957268005128976e-03
3.342107643586252411e-03
3.337745951999723446e-03
3.340858690873285599e-03
3.336492225938113201e-03
3.339556947028729343e-03
3.336703714117543636e-03
3.336799476256369513e-03
3.333942171306416864e-03
3.335541828514749455e-03
3.331160215036509109e-03
3.332775173003634916e-03
3.331306786168343557e-03
3.334305151582490998e-03
3.328365975191949558e-03
3.332890231086437123e-03
3.326929849033456992e-03
3.329946824904692158e-03
3.326982090024591977e-03
3.328525301362229155e-03
3.325506441920236724e-03
3.328528304821518589e-03
3.325496895415609114e-03
3.325456926879096116e-03
3.322385833886339936e-03
3.325371508163649757e-03
3.320801364520335752e-03
3.323738050519591675e-03
3.322194189699552609e-03
3.323635784949273246e-03
3.317573107498284456e-03
3.320513532101814630e-03
3.317404602413349165e-03
3.320271521026187545e-03
3.315607371758366641e-03
3.320029104330368078e-03
3.316899561964681709e-03
3.318298141910217425e-03
3.315114102145659634e-03
3.316513102619778660e-03
3.313376835757555431e-03
3.316251692847221096e-03
3.310018140003995885e-03
3.314376138098480955e-03
3.309614058590008498e-03
3.313990600112262565e-03
3.309239779087394268e-03
3.312058894601247784e-03
3.307288268362120094e-03
3.310175470823583516e-03
3.306962911815575831e-03
3.309770380594931078e-03
3.307991286173240630e-03
3.307708578786403269e-03
3.304429008891464608e-03
3.305679854498610928e-03
3.303881215163154920e-03
3.305163339279954676e-03
3.303363124315142948e-03
3.304630752667968123e-03
3.302828961892790086e-03
3.304112640622255872e-03
3.300745249430205985e-03
3.303456063215980381e-03
3.300085985989161322e-03
3.299737794102760181e-03
3.297884273464961671e-03
3.299077075767373798e-03
3.297221963125034072e-03
3.298415394710315501e-03
3.296573990398222759e-03
3.297768062921575035e-03
3.295848511750970686e-03
3.296997205880457076e-03
3.295076047451662906e-03
3.294700028110623870e-03
3.292776736606046421e-03
3.293925956936471101e-03
3.292001052202316383e-03
3.293083520678582315e-03
3.291208952074360216e-03
3.292359225715182566e-03
3.290369736516015296e-03
3.289908349211707102e-03
3.289483344496447591e-03
3.289006004355433683e-03
3.287012757247315380e-03
3.289670644279815877e-03
3.287691651777947290e-03
3.288766944341681934e-03
3.286770972076925087e-03
3.287877416828690735e-03
3.284262939827278967e-03
3.285292412271057123e-03
3.284802981924668172e-03
3.284291771201156267e-03
3.283801715193988922e-03
3.283274474946461154e-03
3.282783789551752159e-03
3.282271276382765866e-03
3.281779962927984171e-03
3.282826664854553329e-03
3.280713284913989308e-03
3.281714089154367728e-03
3.279599095068302852e-03
3.280584759773823300e-03
3.278483554891957908e-03
3.280995177621986655e-03
3.277366661929563552e-03
3.278352850526053235e-03
3.276233005142636674e-03
3.277234864125371048e-03
3.275067158016942408e-03
3.277535994454923614e-03
3.273853680756926270e-03
3.276323598817817203e-03
3.275735436337750325e-03
3.273579600538127025e-03
3.272974878937534408e-03
3.273931753754784173e-03
3.271758087212174159e-03
3.274231678951323825e-03
3.272025962571575419e-03
3.272921853663198107e-03
3.269165884686650418e-03
3.271610580671656041e-03
3.269386248295689992e-03
3.270282402335127243e-03
3.269644134398523930e-03
3.270556315653410078e-03
3.268329242720293022e-03
3.267637131763603819e-03
3.270077012368807073e-03
3.267817067495079088e-03
3.267077853816567970e-03
3.267944358317194549e-03
3.265682059724939190e-03
3.266533174784838796e-03
3.265845724237943781e-03
3.265120505943682177e-03
3.264432325057504188e-03
3.265284006316267629e-03
3.262970990180812363e-03
3.263791746510481730e-03
3.263056041783976308e-03
3.262282494024129793e-03
3.263103692959028537e-03
3.260771735834271969e-03
3.261592964020829100e-03
3.262414605965310421e-03
3.260080726773819347e-03
3.260917905049028672e-03
3.258551479170145992e-03
3.259326649255243208e-03
3.260102188234962305e-03
3.259294951456940832e-03
3.258524921980132053e-03
3.259285306017173194e-03
3.258461772493918916e-03
3.257706519407840492e-03
3.255334805936703144e-03
3.257658467256283226e-03
3.256855888884540098e-03
3.257585892302863450e-03
3.256729720476021165e-03
3.255926381821090069e-03
3.256656674933492476e-03
3.255799705788302127e-03
3.256614660098867617e-03
3.254137862735684370e-03
3.254937254034741441e-03
3.254063557383929123e-03
3.253227231801904522e-03
3.252321671452359283e-03
3.253021366317169778e-03
3.250578269554997308e-03
3.251277893724586858e-03
3.251993376440863621e-03
3.249532902798453037e-03
3.250232757210977982e-03
3.250948475591567896e-03
3.250040850312912143e-03
3.249155137974258419e-03
3.249824376931620580e-03
3.248953820993192004e-03
3.248013874692682115e-03
3.247127010158763413e-03
3.249352992171717237e-03
3.248466038027078215e-03
3.247540791041328076e-03
3.246637518684197723e-03
3.247307346019702098e-03
3.247946276052291956e-03
3.246988993453035679e-03
3.246069297300072012e-03
3.245095672238437583e-03
3.247332086307197409e-03
3.246373925638842799e-03
3.245453383638301822e-03
3.244478869893310455e-03
3.245133850751353785e-03
3.244143288927726909e-03
3.244805293726960201e-03
3.242237137460741818e-03
3.244422826423086926e-03
3.241853622293144801e-03
3.240883980493803728e-03
3.239875886867533104e-03
3.242100856482936586e-03
3.241108217750295582e-03
3.241716929330103279e-03
3.242325869596574765e-03
3.239721678221474301e-03
3.240299241061790625e-03
3.239327875378461737e-03
3.239851807057699939e-03
3.240483484266086164e-03
3.239442218856810208e-03
3.238454380352815635e-03
3.239032338263845515e-03
3.237990256232022197e-03
3.240204507692654411e-03
3.239130993397235352e-03
3.238110962149212506e-03
3.237052358625992863e-03
3.237599408830421199e-03
3.236578596547922976e-03
3.235519184572297618e-03
3.236066255676309233e-03
3.236667412731535510e-03
3.237230507270979791e-03
3.236154839845567857e-03
3.235117097644092492e-03
3.235648919141898699e-03
3.234525523461422893e-03
3.233433057060251022e-03
3.233964858844941975e-03
3.234550807700926206e-03
3.233457806249362323e-03
3.233958571644640796e-03
3.234490804856512188e-03
3.233397264375807104e-03
3.232326077516351620e-03
3.232811331850150155e-03
3.233328053041808082e-03
3.232256357296967378e-03
3.231130280246409438e-03
3.231631315640024534e-03
3.230558858124706837e-03
3.229431993761756100e-03
3.229932998875469346e-03
3.230434159462031163e-03
3.230904138778238621e-03
3.228170470217148029e-03
3.231860185233008647e-03
3.230701151859180498e-03
3.229595911599999515e-03
3.228521685865961503e-03
3.228991804155771552e-03
3.227847336224956998e-03
3.228317495525657044e-03
3.228787791810686786e-03
3.229226858653022354e-03
3.228066084772375673e-03
3.230152426235878647e-03
3.227398172278792606e-03
3.227852982797724084e-03
3.228307921519730020e-03
3.227184727775702679e-03
3.225991302548800350e-03
3.226446169000760870e-03
3.223689075343051311e-03
3.225761455034065282e-03
3.224567174202206711e-03
3.226624541320017442e-03
3.223834599780446303e-03
3.225853825240546351e-03
3.223078721336773179e-03
3.226717398357195361e-03
3.223941669155047044e-03
3.224365467209072082e-03
3.224805079188758708e-03
3.223562129580432450e-03
3.225621819550716484e-03
3.224448701467326050e-03
3.223236641751267128e-03
3.223629263566512356e-03
3.220818841435897379e-03
3.224461938230512026e-03
3.223287924084329049e-03
3.222059230298471473e-03
3.222467668528030370e-03
3.221277247687303648e-03
3.221669977177908390e-03
3.222062802441608750e-03
3.220817481265368654e-03
3.222848740426820496e-03
3.221587492958411219e-03
3.221980497927468511e-03
3.220734565040742764e-03
3.222766795594409536e-03
3.218350697049243876e-03
3.220312949387108773e-03
3.220690311384986817e-03
3.219466504690794619e-03
3.218203659683210177e-03
3.220221291967577826e-03
3.218942515327154023e-03
3.217749390003174503e-03
3.216470035670951355e-03
3.218488401268251951e-03
3.218865899663474802e-03
3.219212017659521790e-03
3.216345074823690007e-03
3.218278339895604481e-03
3.218624508072938546e-03
3.219002231027312620e-03
3.216118260770500694e-03
3.218106912654400496e-03
3.215237952333609237e-03
3.215583984654222030e-03
3.215930091464836230e-03
3.216276272789329871e-03
3.214979035422430367e-03
3.216953115166306873e-03
3.217283769639502338e-03
3.217630242476717060e-03
3.216332604773412904e-03
3.216663300676192959e-03
3.215404165367613532e-03
3.215750581620159445e-03
3.212846217625663688e-03
3.214751343986182487e-03
3.215082047318681274e-03
3.213806356853760992e-03
3.214137029387645686e-03
3.216043047739351127e-03
3.213191631704612021e-03
3.213451917939562884e-03
3.213821613692993510e-03
3.214082012728503197e-03
3.214412911419183873e-03
3.213120381911864845e-03
3.213435489481994596e-03
3.213734898925454248e-03
3.212402982484179569e-03
3.212702352979898788e-03
3.213001779278732740e-03
3.214964638389626161e-03
3.212023531056357357e-03
3.212322979283763549e-03
3.212638248268841114e-03
3.212922043270281022e-03
3.211573277603148053e-03
3.213505557149400147e-03
3.210562682257151954e-03
3.212440456468350965e-03
3.211145927962046499e-03
3.211429745745035622e-03
3.210064341823259254e-03
3.210363880773815359e-03
3.209052926256577079e-03
3.212581299040292906e-03
3.209620445429056754e-03
3.209888510375418294e-03
3.210172392657894766e-03
3.210440549812601865e-03
3.210724529752252785e-03
3.209342210405528081e-03
3.208030256986039389e-03
3.211560984726892498e-03
3.208582215510856310e-03
3.208850378188772470e-03
3.209102807541494747e-03
3.209371057248828433e-03
3.206391123541077384e-03
3.209891905310641429e-03
3.208563342303905053e-03
3.207179686378262059e-03
3.207447886107240523e-03
3.207700350360445044e-03
3.207968637180970591e-03
3.208205398117598781e-03
3.205223431345747415e-03
3.207073649612126199e-03
3.207365301660220023e-03
3.209231766147669068e-03
3.209468713576204245e-03
3.208123152133923739e-03
3.206722460169685301e-03
3.206975066154530134e-03
3.207227711939480020e-03
3.207464603518817101e-03
3.206047636905096435e-03
3.206339415682864756e-03
3.204922156576198427e-03
3.208412519883600475e-03
3.205395774060981751e-03
3.205648427293813791e-03
3.205885325874970569e-03
3.206106462809595135e-03
3.206359228093984444e-03
3.206580430413936370e-03
3.205201531289609499e-03
3.207038732324303358e-03
3.207260028413555768e-03
3.205825896617923824e-03
3.206047139550535253e-03
3.204699318187541508e-03
3.204920516083595121e-03
3.205141744517232914e-03
3.205378808876401236e-03
3.205584293022735454e-03
3.204204352702149598e-03
3.206011151980096407e-03
3.202974561972203506e-03
3.204797330834248132e-03
3.205057875697033421e-03
3.205279233668016908e-03
3.203827871030915601e-03
3.204064982019558944e-03
3.204270506600539244e-03
3.204476057550118689e-03
3.201421929449557550e-03
3.201627324017502791e-03
3.201832744942261465e-03
3.203695889517484303e-03
3.202243665881958530e-03
3.202449165907232838e-03
3.202654692309981569e-03
3.202860245094925340e-03
3.201407594972040683e-03
3.203271429830973488e-03
3.203461243012452504e-03
3.200389103534570772e-03
3.202253213580619727e-03
3.204046641957464941e-03
3.202632811120529645e-03
3.201179522134879347e-03
3.201369280698116576e-03
3.201559061759404103e-03
3.201764683302790390e-03
3.201954511248257182e-03
3.200469106266874263e-03
3.202318411067518571e-03
3.200903800054729232e-03
3.201093621038850028e-03
3.199607824226496228e-03
3.201473330555871123e-03
3.199987378135597110e-03
3.201821476755818945e-03
3.200367022104648809e-03
3.200580381639007033e-03
3.200715108218823036e-03
3.199283850030727044e-03
3.199402695877381821e-03
3.199647696234462352e-03
3.199805916050155880e-03
3.201601487368150277e-03
3.198508937279449446e-03
3.198682946391045393e-03
3.198856974437153718e-03
3.199031021420329669e-03
3.199205087344200119e-03
3.201040567850926485e-03
3.197915336740107979e-03
3.199695738695845608e-03
3.198263419490587466e-03
3.198382293299386996e-03
3.200218210377147460e-03
3.198769856962685020e-03
3.197281977848026244e-03
3.200709172560405134e-03
3.197598452684127009e-03
3.199418964414133502e-03
3.197914990178072833e-03
3.198073282427100431e-03
3.198247422001239057e-03
3.198405747162597068e-03
3.198564088000099056e-03
3.197114921291039583e-03
3.198880816712862570e-03
3.199023365098981487e-03
3.195911021453040797e-03
3.196069277175749099e-03
3.196227548572670198e-03
3.196370006232799026e-03
3.196528307416264449e-03
3.198350019449593389e-03
3.198492592185206516e-03
3.196987469530483163e-03
3.197145831881484466e-03
3.197272533058752655e-03
3.197430923652877510e-03
3.195964898216811616e-03
3.197716066272481179e-03
3.197858656654610065e-03
3.196392454167798144e-03
3.198159722559240203e-03
3.196693395455819150e-03
3.196835966371791918e-03
3.196923266217013664e-03
3.197121146358494585e-03
3.195583384752558043e-03
3.195725930886164547e-03
3.195868489737698024e-03
3.196011061308495511e-03
3.196153645600442218e-03
3.196264553289959731e-03
3.196407160201490162e-03
3.196549779838893032e-03
3.195082617565269453e-03
3.195209348724543669e-03
3.195351933296069254e-03
3.193813377139023777e-03
3.193940073658626221e-03
3.195748068328131773e-03
3.194209337141150871e-03
3.196001646298640003e-03
3.194462803071658995e-03
3.194605395335283274e-03
3.196397942450045649e-03
3.194858924127952186e-03
3.194969855629162334e-03
3.193501844091156412e-03
3.195239292777301426e-03
3.195350250694582728e-03
3.193866236324372897e-03
3.195619752007961348e-03
3.194119775623114384e-03
3.195857585040202779e-03
3.192706914464916567e-03
3.194500160055283554e-03
3.194611122581063334e-03
3.193055470173416892e-03
3.193182236573752480e-03
3.194959912138918470e-03
3.195086763589511693e-03
3.195197766871666310e-03
3.193657700232612265e-03
3.193784514456264774e-03
3.193895485163359121e-03
3.194006463582635923e-03
3.194117449714152859e-03
3.194244300452578345e-03
3.194339445118605635e-03
3.194466313490582857e-03
3.194577331583093108e-03
3.194688357392542859e-03
3.194799390919167165e-03
3.193298231614331243e-03
3.191741575734979765e-03
3.193520225185066813e-03
3.193631233545158200e-03
3.193686851627422930e-03
3.193853273419562135e-03
3.193964304935484506e-03
3.192391492569972376e-03
3.194170526804161574e-03
3.192613476015120511e-03
3.192764030230240465e-03
3.192819631144111752e-03
3.191301939428586691e-03
3.193025812898731778e-03
3.191523883488889182e-03
3.193232021284149631e-03
3.191730002046030273e-03
3.193438256305700888e-03
3.193549316966677251e-03
3.192015440927733864e-03
3.193739724645089720e-03
3.192237484245909977e-03
3.192332655124883577e-03
3.190758981318343995e-03
3.190854113790976554e-03
3.190949251936523942e-03
3.191044395755136646e-03
3.192808594652933769e-03
3.192903799588920656e-03
3.193014879189953140e-03
3.191440889412785857e-03
3.191536062552361320e-03
3.191631241368671039e-03
3.191726425861688560e-03
3.191805750609698344e-03
3.191900945512346054e-03
3.193681519137475926e-03
3.192091352353116935e-03
3.190572424200007178e-03
3.190667593672598824e-03
3.190746905903178807e-03
3.190857949650744829e-03
3.192551596017631152e-03
3.191016596984211709e-03
3.191127659504365815e-03
3.192821455736760163e-03
3.189616363053240835e-03
3.191381545726133199e-03
3.189806693219289589e-03
3.191556115939417262e-03
3.189981182493139677e-03
3.191730705251541022e-03
3.190139825672493306e-03
3.191905313666178624e-03
3.190314351395543823e-03
3.192079941186484662e-03
3.190528511952909086e-03
3.190568241083715454e-03
3.189032566652524447e-03
3.192413374062191660e-03
3.190822171185440665e-03
3.189270516275155131e-03
3.190980898025312477e-03
3.191060267367088876e-03
3.189524368347745973e-03
3.189603705407932643e-03
3.191298399084420857e-03
3.191377784221786050e-03
3.189857610526579748e-03
3.189921093122525825e-03
3.188345295914384991e-03
3.188408751570312710e-03
3.188488074692263832e-03
3.190183035751421002e-03
3.188630866258587888e-03
3.190325906778389287e-03
3.188789538554959776e-03
3.188868880625170526e-03
3.190619568482187113e-03
3.190698960037175683e-03
3.190778355543231592e-03
3.190841874793225522e-03
3.189233905008181328e-03
3.189313269193275787e-03
3.189392637328424939e-03
3.191143625769005641e-03
3.187903518078866877e-03
3.187982856264837475e-03
3.189678395326002881e-03
3.191429547764963563e-03
3.188205024195802859e-03
3.188268506435146168e-03
3.191636078850824607e-03
3.190027724646939036e-03
3.188474841173584515e-03
3.190170654151206712e-03
3.188617703945633049e-03
3.188697077684469420e-03
3.190377130492787466e-03
3.187151959852942400e-03
3.190520091309790966e-03
3.187294778994357973e-03
3.189030490543436416e-03
3.187421740088145460e-03
3.189173403113779778e-03
3.189236923923292714e-03
3.187628073439511059e-03
3.189363973133919113e-03
3.187755061087781984e-03
3.187818558706159711e-03
3.189554565930189690e-03
3.187945561532161236e-03
3.188009066739905164e-03
3.189745181507228425e-03
3.189808725096149496e-03
3.188183719108427568e-03
3.188247233805196514e-03
3.188382192072547992e-03
3.190062924770230464e-03
3.188453674048074681e-03
3.188501317900977513e-03
3.186947545445070057e-03
3.187011043104869944e-03
3.190348947836156319e-03
3.190428407790603729e-03
3.190476085663094489e-03
3.187249181866218337e-03
3.187296813889141031e-03
3.187376203757636209e-03
3.187423839577415829e-03
3.187487356218471086e-03
3.187534995360532392e-03
3.187598516431768697e-03
3.189279702431288641e-03
3.187709684398699547e-03
3.187757330186555878e-03
3.187836742998453442e-03
3.186211035526064720e-03
3.186258661524709549e-03
3.187995580492748813e-03
3.188059119922539379e-03
3.188106776156860583e-03
3.188154433816520368e-03
3.188217979578688698e-03
3.184974114672973079e-03
3.188329190757953867e-03
3.188376855067271906e-03
3.188424520801380353e-03
3.186814403391173382e-03
3.186862047429018553e-03
3.188599307354399170e-03
3.188646979740221519e-03
3.187004988090485526e-03
3.188742328788643499e-03
3.188790005451005473e-03
3.187179710757841091e-03
3.188885363053268682e-03
3.185656706639438188e-03
3.187322679917744747e-03
3.189060200137236283e-03
3.185799611754648250e-03
3.187481549584034787e-03
3.185910769041897569e-03
3.187576878986196020e-03
3.187624545825341535e-03
3.186053696952274861e-03
3.187719883781128024e-03
3.186148989350756893e-03
3.187815227439614544e-03
3.186244287449828232e-03
3.187910576801843664e-03
3.186339591249646736e-03
3.188005931868327994e-03
3.186434900750726752e-03
3.188101292639224527e-03
3.186514329690920064e-03
3.186577875693923957e-03
3.186625536859774739e-03
3.186657311762120751e-03
3.186720863468233637e-03
3.186752640271856094e-03
3.188419203081760238e-03
3.186847974485438554e-03
3.186879753823960385e-03
3.185268722499263322e-03
3.186990986501009575e-03
3.187022768691845712e-03
3.185395784463076682e-03
3.187118119068556299e-03
3.187149903795116236e-03
3.187197582074103881e-03
3.185570511216076397e-03
3.185602281776264699e-03
3.187324731124986568e-03
3.187372414634832059e-03
3.185800888299897531e-03
3.185777031184385683e-03
3.185824693441729680e-03
3.185856469071662086e-03
3.187579059664382656e-03
3.185991545411136390e-03
3.187658545656554994e-03
3.187706239154965149e-03
3.187738035613156811e-03
3.186094806505001664e-03
3.186142478270787004e-03
3.186174260241013152e-03
3.186221934384302068e-03
3.184650132172102063e-03
3.184681900523092697e-03
3.184713669508270478e-03
3.184761324174019588e-03
3.184808980266320717e-03
3.184840751786575247e-03
3.184872523941107997e-03
3.184904296729199492e-03
3.184951957100450211e-03
3.184983731473444921e-03
3.185031394222145873e-03
3.185063170180158290e-03
3.185110835306295598e-03
3.186817989993736503e-03
3.186849784886406581e-03
3.185222059482166728e-03
3.186857725987730407e-03
3.186889522228355653e-03
3.186937217779431571e-03
3.185349182338120377e-03
3.185396856025353093e-03
3.185428639275992083e-03
3.185460423161080596e-03
3.185508100177990558e-03
3.185539885648808883e-03
3.187191618163647683e-03
3.185603458493635378e-03
3.185635245867127468e-03
3.185667033875550468e-03
3.185714717077418792e-03
3.185746506671702574e-03
3.184086698555439222e-03
3.185810087763639529e-03
3.185825983433355785e-03
3.184197909714437617e-03
3.185889567697571586e-03
3.185921360781561722e-03
3.185984948853232308e-03
3.182688972070588877e-03
3.186032641572780679e-03
3.186080335720231985e-03
3.184436245502733284e-03
3.186143930138106515e-03
3.186175728299065011e-03
3.184515698694471812e-03
3.186223426730405532e-03
3.184579264102231719e-03
3.184666716674603403e-03
3.186318827878155836e-03
3.184674616972539649e-03
3.184762073114593209e-03
3.184738188724786125e-03
3.186446038295614840e-03
3.184785869204704613e-03
3.184817656984498865e-03
3.186525549964449797e-03
3.184897129210217514e-03
3.184968698326634626e-03
3.184944814449463049e-03
3.185032280708833749e-03
3.185008396989701552e-03
3.186700489604853831e-03
3.185056085560904627e-03
3.186764108782029741e-03
3.183483214677097252e-03
3.186827730499441468e-03
3.185183262066024982e-03
3.183578550429255402e-03
3.185230955873857763e-03
3.183626220446263838e-03
3.185278651110193694e-03
3.183705673647737634e-03
3.187018610894406904e-03
3.183753347472418997e-03
3.187066334566272374e-03
3.183801022724698417e-03
3.183832807019468334e-03
3.187161786197568406e-03
3.183880484651543333e-03
3.185533049828227856e-03
3.183928163711572876e-03
3.183975844199625049e-03
3.185612557761467213e-03
3.184023526115944882e-03
3.185660264426687892e-03
3.185731854501041346e-03
3.184102999149875535e-03
3.185739778710441547e-03
3.184134789473937101e-03
3.184166580433525889e-03
3.185819296963661451e-03
3.184230164256086296e-03
3.184246060608786604e-03
3.185882914424447310e-03
3.184309647605831125e-03
3.184325544751951884e-03
3.184341442056985022e-03
3.185978345379490533e-03
3.184389134923735088e-03
3.184420930962237727e-03
3.184436829219315299e-03
3.186073782052030977e-03
3.184484524943792874e-03
3.184516322886890051e-03
3.184532222097031639e-03
3.186185132063564310e-03
3.184579920678559314e-03
3.184595820523565459e-03
3.184627620689540334e-03
3.184587823187914109e-03
3.184675322129290782e-03
3.184691222926775474e-03
3.184723024998085180e-03
3.184738926271735854e-03
3.184754827704360490e-03
3.183109706329348681e-03
3.184802532955003079e-03
3.184818435022816231e-03
3.184850239635032224e-03
3.184866142179259858e-03
3.184882044882106703e-03
3.183292561611925694e-03
3.183252753867194060e-03
3.183284543954966340e-03
3.184977464435633041e-03
3.184993368250402940e-03
3.185025176356236654e-03
3.185041080647678640e-03
3.185056985097780170e-03
3.185088794474489216e-03
3.185104699400918490e-03
3.183515107233022851e-03
3.183531004539502315e-03
3.185168320696046915e-03
3.183507092349315611e-03
3.185200132296454618e-03
3.183538887517309290e-03
3.183570683320410388e-03
3.183586581459947433e-03
3.183618378215941676e-03
3.183618378215941676e-03
3.183634276832026343e-03
3.183666074540388111e-03
3.183681973633049889e-03
3.183713772294393275e-03
3.183713772294393275e-03
3.183745571590766016e-03
3.183761471477445423e-03
3.183777371522747944e-03
3.183793271726867869e-03
3.183809172089800427e-03
3.185518283254754751e-03
3.185534192471028547e-03
3.185550101846021300e-03
3.185566011380116386e-03
3.185581921073308599e-03
3.185597830925231046e-03
3.183992095502363034e-03
3.184023899802503142e-03
3.182346522822539561e-03
3.182378311002888403e-03
3.182394205331389760e-03
3.182410099818292620e-03
3.184047696593377344e-03
3.184079502560869471e-03
3.185756938185404022e-03
3.185788761544489089e-03
3.185788761544485620e-03
3.185820585539734118e-03
3.182521365673658242e-03
3.182553157347280462e-03
3.182569053421819161e-03
3.182569053422006945e-03
3.185900148309092628e-03
3.185916061339846405e-03
3.185931974529382892e-03
3.184270351710454926e-03
3.182664433206229115e-03
3.182680330392749415e-03
3.182696227738264928e-03
3.182712125242042733e-03
3.186027457006141393e-03
3.184365784865208614e-03
3.182759818707578143e-03
3.182775716846999829e-03
3.182791615145257134e-03
3.184485133565063443e-03
3.184445316863784934e-03
3.184461223740415060e-03
3.182839310992984644e-03
3.182871109018986858e-03
3.184548762502098507e-03
3.184524852835217586e-03
3.182902907680519762e-03
3.182918807249278999e-03
3.184628302249009786e-03
3.182950606863717193e-03
3.184604392779789763e-03
3.182982407113737252e-03
3.184676028004477209e-03
3.183014207998632276e-03
3.184652118653765688e-03
3.183046009519532003e-03
3.184739664570678669e-03
3.183077811675709152e-03
3.184699845958051910e-03
3.183109614467366684e-03
3.184787393663861613e-03
3.183125516101691522e-03
3.184763484589552256e-03
3.183157319846246103e-03
3.183173221957029224e-03
3.184795304858967311e-03
3.183205026655440157e-03
3.183220929243069704e-03
3.183220929242889293e-03
3.184858947305223027e-03
3.183252734894275772e-03
3.183268637958597356e-03
3.184906680809479473e-03
3.183284541181616648e-03
3.183300444563370076e-03
3.183316348104397141e-03
3.183332251804139260e-03
3.183348155662971569e-03
3.184970327707523953e-03
3.183364059680351098e-03
3.183379963856646910e-03
3.183395868192227200e-03
3.183411772686538591e-03
3.183411772686722905e-03
3.185049889907197972e-03
3.183443582152115352e-03
3.183459487122825178e-03
3.183475392253025914e-03
3.183475392253025914e-03
3.183491297542146835e-03
3.181829214229348404e-03
3.183507202990023578e-03
3.183523108596467491e-03
3.183554920286899969e-03
3.183554920287088186e-03
3.183570826370896775e-03
3.183570826370896775e-03
3.183586732613293783e-03
3.181924599950944864e-03
3.183602639014629625e-03
3.181940498127260215e-03
3.183634452294710222e-03
3.183634452294890633e-03
3.183650359173266758e-03
3.183666266210419954e-03
3.181988193609416437e-03
3.183682173406527597e-03
3.183698080761969591e-03
3.183698080761969591e-03
3.183713988276367767e-03
3.183729895949555157e-03
3.183729895949374746e-03
3.182067689257213165e-03
3.183777619922563418e-03
3.182083588863427685e-03
3.183793528231827936e-03
3.183793528232008348e-03
3.183793528232004445e-03
3.183809436699690850e-03
3.182202930115640184e-03
3.183841254112924467e-03
3.182163089278061945e-03
3.183857163058108255e-03
3.182194890556134213e-03
3.183873072162099038e-03
3.182210791433350266e-03
3.183904890846682000e-03
3.182226692469653472e-03
3.183920800427831026e-03
3.182258495019180036e-03
3.183936710167977000e-03
3.182274396532222983e-03
3.183968530124905907e-03
3.182290298204007006e-03
3.182346041949275610e-03
3.182306200034885121e-03
3.184000350717668213e-03
3.182322102024875109e-03
3.184016261252836221e-03
3.182353906481266963e-03
3.184048082799841289e-03
3.182369808947677504e-03
3.184048082799476563e-03
3.182385711573197749e-03
3.184079904982734400e-03
3.182401614357835071e-03
3.184095816312980387e-03
3.182433420403382382e-03
3.184111727801892423e-03
3.184111727801892423e-03
3.184127639449819188e-03
3.184143551256965379e-03
3.182465227084878452e-03
3.182536877752471099e-03
3.182481130664225992e-03
3.182536877752471099e-03
3.182497034402158916e-03
3.182568685944645037e-03
3.182528842355248928e-03
3.184207200075870898e-03
3.184207200075870898e-03
3.182544746570229073e-03
3.182616399425537007e-03
3.182560650944345811e-03
3.182616399425537007e-03
3.182576555477064414e-03
3.182648209207313526e-03
3.184270851439606649e-03
3.182592460168920476e-03
3.184286764677926596e-03
3.182624270029543647e-03
3.182680019625326769e-03
3.182624270029728395e-03
3.182695925072699574e-03
3.184334505347952322e-03
3.182656080526048790e-03
3.182711830678867666e-03
3.182671986012947703e-03
3.182743642368683450e-03
3.184366333256651548e-03
3.182687891658637566e-03
3.184382247449503954e-03
3.182719703426964766e-03
3.182775454694257173e-03
3.184398161801246189e-03
3.182735609549421259e-03
3.184429990982107911e-03
3.182751515831050773e-03
3.182807267655774451e-03
3.184445905811604700e-03
3.182767422271843769e-03
3.182839081253264774e-03
3.182799235630056310e-03
3.181160589324902397e-03
3.184477735946926024e-03
3.182815142547476290e-03
3.181192386780748709e-03
3.184509566718555194e-03
3.181208285747319509e-03
3.182886802841987557e-03
3.184525482343462596e-03
3.181224184872627047e-03
3.184525482343459127e-03
3.182862864254462111e-03
3.181240084156858241e-03
3.184557314069619456e-03
3.182894679520508786e-03
3.181255983599834847e-03
3.184573230171241446e-03
3.182910587392141603e-03
3.181287782963115440e-03
3.184605062852513199e-03
3.182910587392323316e-03
3.181303682883062072e-03
3.184620979431427440e-03
3.182942403612444050e-03
3.181335483199585791e-03
3.184636896169631796e-03
3.182958311961124956e-03
3.181351383596343289e-03
3.184652813066748966e-03
3.181367284152226103e-03
3.181367284152226103e-03
3.184668730123532687e-03
3.181367284152226103e-03
3.181383184866874280e-03
3.184700564713510273e-03
3.183021946946071323e-03
3.181399085740282181e-03
3.183021946946067854e-03
3.184716482247257514e-03
3.181414986772826241e-03
3.181430887964317809e-03
3.184748317791915879e-03
3.181430887964496919e-03
3.181446789314946403e-03
3.184748317792287543e-03
3.181462690824348166e-03
3.181462690824348166e-03
3.184780153973441538e-03
3.184764235803213845e-03
3.181478592492533071e-03
3.183101494255451049e-03
3.184796072302794549e-03
3.181494494319854136e-03
3.181494494319854136e-03
3.183117404194441870e-03
3.184811990791088562e-03
3.181510396306319165e-03
3.183149224549742216e-03
3.184827909439069075e-03
3.181526298451572976e-03
3.181526298451572976e-03
3.183165134965696124e-03
3.184843828245637574e-03
3.181558103218802558e-03
3.183181045540879866e-03
3.184875666336541705e-03
3.181558103219168151e-03
3.181574005841330405e-03
3.183196956275485563e-03
3.184891585620881673e-03
3.181589908622285776e-03
3.181605811562401593e-03
3.183228778220950107e-03
3.184907505064183894e-03
3.181605811562401593e-03
3.181621714661500913e-03
3.183244689432186258e-03
3.183316361544782230e-03
3.181637617919399856e-03
3.181621714661321369e-03
3.183260600802663952e-03
3.184939344427861144e-03
3.181653521336646161e-03
3.181653521336646161e-03
3.183292424021005266e-03
3.183332273353227295e-03
3.181669424912696425e-03
3.181669424912696425e-03
3.183292424021005266e-03
3.184987104667925603e-03
3.181685328647736264e-03
3.181701232541768714e-03
3.183324247875262813e-03
3.183380009732281798e-03
3.181701232541592640e-03
3.181701232541592640e-03
3.181717136594619001e-03
3.183340160041097777e-03
3.183411834780481425e-03
3.181733040806821854e-03
3.181717136594798545e-03
3.183356072366192498e-03
3.183411834780672679e-03
3.181748945177847749e-03
3.181748945177847749e-03
3.183371984850182253e-03
3.183387897493258293e-03
3.183443660465214847e-03
3.181780754396903391e-03
3.181764849707872326e-03
3.183387897493073545e-03
3.181780754396720812e-03
3.183459573545930395e-03
3.181796659244758799e-03
3.183419723256479712e-03
3.183419723256479712e-03
3.183475486785917411e-03
3.181796659244938343e-03
3.181796659244938343e-03
3.183435636376995889e-03
3.183435636376995889e-03
3.183507313743369309e-03
3.181828469418039422e-03
3.181828469418039422e-03
3.183451549656245334e-03
3.183451549656245334e-03
3.183507313743188464e-03
3.181844374742927306e-03
3.181844374742927306e-03
3.183467463094766681e-03
3.183483376692389059e-03
3.183539141336842390e-03
3.183555055372319382e-03
3.181860280227010764e-03
3.181860280227010764e-03
3.183499290449107264e-03
3.181876185870295866e-03
3.183555055372312443e-03
3.181892091672418321e-03
3.181892091672418321e-03
3.183515204365108646e-03
3.181907997633564179e-03
3.181892091672418321e-03
3.181892091672418321e-03
3.181907997633567648e-03
3.183531118439854573e-03
3.183531118439854573e-03
3.181923903753559098e-03
3.181923903753559098e-03
3.181923903753559098e-03
3.183562947067024654e-03
3.183562947067024654e-03
3.181923903753555629e-03
3.181923903753555629e-03
3.181939810032758265e-03
3.181939810032758265e-03
3.183562947067024654e-03
3.183578861619275335e-03
3.181955716471166450e-03
3.181955716471166450e-03
3.183650542926462143e-03
3.181955716471169919e-03
3.183578861619460517e-03
3.183578861619460517e-03
3.181971623068431936e-03
3.181971623068431936e-03
3.183650542926649927e-03
3.181987529824728198e-03
3.183610691201124027e-03
3.183610691201124027e-03
3.181987529824548654e-03
3.181987529824552123e-03
3.183666458075731787e-03
3.181987529824552123e-03
3.183626606230726807e-03
3.183626606230726807e-03
3.182003436739886532e-03
3.182019343814259955e-03
3.183698288851616234e-03
3.182019343814259955e-03
3.182019343814259955e-03
3.183658436767293574e-03
3.182035251047858875e-03
3.182035251047858875e-03
3.182019343814439065e-03
3.183714204478239277e-03
3.182035251047854972e-03
3.182035251047854972e-03
3.183674352274443609e-03
3.182051158440319001e-03
3.182051158440319001e-03
3.182051158440319001e-03
3.183746036209078589e-03
3.182067065991825948e-03
3.182067065991825948e-03
3.183674352274262331e-03
3.182067065991646404e-03
3.182067065991646404e-03
3.182067065991646404e-03
3.182067065991646404e-03
3.182082973702206677e-03
3.183706183765589674e-03
3.183706183765589674e-03
3.182082973702206677e-03
3.182098881571814204e-03
3.182098881571814204e-03
3.182098881571814204e-03
3.182082973702206677e-03
3.182098881571814204e-03
3.183722099749949561e-03
3.183722099749949561e-03
3.182098881571993748e-03
3.182098881571993748e-03
3.182114789600659806e-03
3.182114789600659806e-03
3.182114789600659806e-03
3.182114789600659806e-03
3.183753932196262560e-03
3.183753932196262560e-03
3.182130697788377888e-03
3.182130697788377888e-03
3.182114789600656336e-03
3.182130697788374419e-03
3.182130697788374419e-03
3.182130697788374419e-03
3.183753932196077812e-03
3.183769848657853983e-03
3.182146606134976258e-03
3.182146606134976258e-03
3.182146606134976258e-03
3.182162514640814437e-03
3.183841535220121883e-03
3.182162514640814437e-03
3.183785765278768914e-03
3.183785765278768914e-03
3.182162514640997451e-03
3.182162514640997451e-03
3.182162514640997451e-03
3.182162514640997451e-03
3.183841535220118413e-03
3.182178423305899798e-03
3.182178423305899798e-03
3.183801682059014294e-03
3.183801682059014294e-03
3.182178423305899798e-03
3.182194332129867614e-03
3.182194332129867614e-03
3.182194332129867614e-03
3.182194332129867614e-03
3.182194332129867614e-03
3.182210241112907838e-03
3.183817598998221060e-03
3.183817598998221060e-03
3.182194332129867614e-03
3.182194332129867614e-03
