6.285971126160873530e-05
6.232438714136658041e-05
6.209058363947726603e-05
6.235803046152322518e-05
6.219762302676405089e-05
6.241603190434858177e-05
6.232323355886149334e-05
6.248450242806629414e-05
6.242097713200535629e-05
6.257344174097563864e-05
6.252012152737693846e-05
6.266256075182511851e-05
6.262079751835701157e-05
6.275387213804370964e-05
6.272205754328318114e-05
6.284669152851729806e-05
6.282226560923221575e-05
6.293986087285539802e-05
6.292191566692184590e-05
6.303242453290983224e-05
6.301884764793537529e-05
6.312244844141645694e-05
6.311214275102823058e-05
6.321083210985164417e-05
6.320499612869432814e-05
6.329885269486113376e-05
6.329542691338002321e-05
6.338513604960801173e-05
6.338464810230546697e-05
6.347034967402361005e-05
6.347094561620780112e-05
6.355266136055440608e-05
6.355446669389248351e-05
6.363334320113352008e-05
6.363686129424694069e-05
6.371324779925848013e-05
6.371860088994441235e-05
6.379249242715318686e-05
6.379904528429767760e-05
6.387116952669293470e-05
6.387794749406280762e-05
6.394676607443617396e-05
6.395471791898151069e-05
6.402192194476407814e-05
6.403086337402889481e-05
6.409670451321003589e-05
6.410712863958181686e-05
6.417167365016519765e-05
6.418337695922779452e-05
6.424612353753890340e-05
6.425800476272162346e-05
6.431888487022042133e-05
6.433098404724238927e-05
6.439189011176147954e-05
6.440488966280486741e-05
6.446426439892954691e-05
6.447875460154187154e-05
6.453748478222870574e-05
6.455261091433925921e-05
6.461124538128573387e-05
6.462586948540252618e-05
6.468257122233648268e-05
6.469810510855808386e-05
6.475435139000068488e-05
6.477112566962670319e-05
6.482668125018455248e-05
6.484474415251565446e-05
6.489993960850270116e-05
6.491833334192501710e-05
6.497336442449669932e-05
6.499136669375125237e-05
6.504539528551025475e-05
6.506433238647337891e-05
6.511773636527530822e-05
6.513736111562931207e-05
6.519080767854573937e-05
6.521131044915878089e-05
6.526457284955890312e-05
6.528583679267158167e-05
6.533891040073296736e-05
6.536025493952154456e-05
6.541195947515994133e-05
6.543331581241942376e-05
6.548560488942416755e-05
6.550777208561487828e-05
6.555985616012201928e-05
6.558312970884429066e-05
6.563535400119744636e-05
6.565851282562286926e-05
6.571102486346994738e-05
6.573420110862529509e-05
6.578498193386606485e-05
6.580907833970809934e-05
6.585986871736018060e-05
6.588487143099501292e-05
6.593547180086889252e-05
6.596109459052132960e-05
6.601205700543766027e-05
6.603824985706897453e-05
6.608923052055351620e-05
6.611487862921992852e-05
6.616522378635298848e-05
6.619100958489342957e-05
6.624167742078087922e-05
6.626788700983971816e-05
6.631887201247436568e-05
6.634568820129548722e-05
6.639671635420302676e-05
6.642428051151969242e-05
6.647523772803841607e-05
6.650215920002742294e-05
6.655240414468113622e-05
6.658002756815147277e-05
6.663028932214358534e-05
6.665819802403640242e-05
6.670842476942785519e-05
6.673748062575023956e-05
6.678805019401972873e-05
6.681711952852590567e-05
6.686789340026435343e-05
6.689680260918682588e-05
6.694610643534836078e-05
6.697568759354944148e-05
6.702545000221717358e-05
6.705545863670444825e-05
6.710509726135317537e-05
6.713570890942130486e-05
6.718538543680728232e-05
6.721672404147944265e-05
6.726666552244329653e-05
6.729730466440513015e-05
6.734655240518985732e-05
6.737723804263906924e-05
6.742658514326149602e-05
6.745815423579955077e-05
6.750793200403184169e-05
6.753943641382759340e-05
6.758928348077129333e-05
6.762172566724648922e-05
6.767153965742180055e-05
6.770331482777710100e-05
6.775236371053717664e-05
6.778463692512707423e-05
6.783385067275452690e-05
6.786626486561700520e-05
6.791600241131812556e-05
6.794868855887924630e-05
6.799861618289613824e-05
6.803167619940507667e-05
6.808137276932746450e-05
6.811449400017107023e-05
6.816318224592964211e-05
6.819636880893419366e-05
6.824583066404357984e-05
6.827917765605771296e-05
6.832826655337282610e-05
6.836199585783734722e-05
6.841211161491053260e-05
6.844591190696276933e-05
6.849568879975546042e-05
6.852944942930882600e-05
6.857852130888300363e-05
6.861223091482451992e-05
6.866115086121597430e-05
6.869538846620033422e-05
6.874479628484978920e-05
6.877933554505800680e-05
6.882874372049383957e-05
6.886395667917580093e-05
6.891366823772984891e-05
6.894808925324438049e-05
6.899664604747551421e-05
6.903127736942931488e-05
6.908041952212460918e-05
6.911523181496315844e-05
6.916498788857217866e-05
6.919991634931597923e-05
6.924921445960930571e-05
6.928500071803991064e-05
6.933430137121185095e-05
6.936960625906885935e-05
6.941818886357827836e-05
6.945378940599882152e-05
6.950277250890008298e-05
6.953836708786826509e-05
6.958721211918584637e-05
6.962291505766575385e-05
6.967187157499649184e-05
6.970878291536311870e-05
6.975792219867456463e-05
6.979334431837290009e-05
6.984240094682395942e-05
6.987806607413493036e-05
6.992654844544794561e-05
6.996291149347613400e-05
7.001147328155332976e-05
7.004825107810659277e-05
7.009717470774129205e-05
7.013416632636169002e-05
7.018303055425862888e-05
7.021936190772077820e-05
7.026786520794821094e-05
7.030364602359886789e-05
7.035256179260688039e-05
7.038922312622431768e-05
7.043784336190055540e-05
7.047454933263451904e-05
7.052358639212057253e-05
7.056101875369838689e-05
7.060978162297814763e-05
7.064632753065349226e-05
7.069422113865534525e-05
7.073098574286094909e-05
7.077948547336382844e-05
7.081648660809772310e-05
7.086495181832839585e-05
7.090265003858042413e-05
7.095104391131701164e-05
7.098911926047442842e-05
7.103733882217485684e-05
7.107414125881165892e-05
7.112219396975449828e-05
7.115920679619548435e-05
7.120745020049397465e-05
7.124491025986544616e-05
7.129321668266850860e-05
7.133032521551049669e-05
7.137907860776868650e-05
7.141695812346604577e-05
7.146558864834920215e-05
7.150261790716600689e-05
7.155035788233118281e-05
7.158776834275441478e-05
7.163581219784428641e-05
7.167288558113771952e-05
7.172121027835415014e-05
7.175902090873610239e-05
7.180752829090662488e-05
7.184532579640140015e-05
7.189391753719500983e-05
7.193091395596884659e-05
7.197873859563682091e-05
7.201622933058391101e-05
7.206391325031516492e-05
7.210153254015211929e-05
7.214941601017769838e-05
7.218714731088131267e-05
7.223552021572050570e-05
7.227354847859850757e-05
7.232182232728830921e-05
7.235921920794718010e-05
7.240685147771764999e-05
7.244455233443459076e-05
7.249164507989743855e-05
7.252936142999953217e-05
7.257735084878934523e-05
7.261509598114278784e-05
7.266337976088414893e-05
7.270133615747690270e-05
7.274962517490323756e-05
7.278667993496598686e-05
7.283445231662446378e-05
7.287186535521871661e-05
7.291888632916007206e-05
7.295716836943804730e-05
7.300455852288264126e-05
7.304229525777539210e-05
7.309025389398036358e-05
7.312831823787329093e-05
7.317613363086047874e-05
7.321376588351213334e-05
7.326059118284448588e-05
7.329812944388643841e-05
7.334539334963230872e-05
7.338338809130447995e-05
7.343071356515141796e-05
7.346846403510498699e-05
7.351545419985393271e-05
7.355453401252635851e-05
7.360191288657219144e-05
7.363875346130924248e-05
7.368578817644840699e-05
7.372393818562112224e-05
7.377067466919971881e-05
7.380838449948279886e-05
7.385516025846794441e-05
7.389337205774323524e-05
7.394106837786778273e-05
7.397889537694820521e-05
7.402605904347252990e-05
7.406340175501689434e-05
7.411000132317061115e-05
7.414771940778072266e-05
7.419436687506456344e-05
7.423204631525316341e-05
7.427899816098367284e-05
7.431656036784073697e-05
7.436398141764817809e-05
7.440188597739139467e-05
7.444881016157307136e-05
7.448590269403721116e-05
7.453288698280020690e-05
7.457030650351237561e-05
7.461679229620758259e-05
7.465416637962830296e-05
7.470095085580504923e-05
7.473845397686180113e-05
7.478529170743507259e-05
7.482306850993908028e-05
7.487035214736979674e-05
7.490733602985311925e-05
7.495334230161336314e-05
7.499070831601361545e-05
7.503678620174134169e-05
7.507427576386033468e-05
7.512076923208026755e-05
7.515839752662087511e-05
7.520472828094591918e-05
7.524227470170368110e-05
7.528949633048050291e-05
7.532623258145468227e-05
7.537245960373879794e-05
7.540886506845792775e-05
7.545575154980288860e-05
7.549222511239888386e-05
7.553858994324301381e-05
7.557606859078307376e-05
7.562245597982944457e-05
7.566013917719216822e-05
7.570668067976042345e-05
7.574332561883809580e-05
7.578895305988894314e-05
7.582570738365334868e-05
7.587190716362506807e-05
7.590858890744186062e-05
7.595474500550318270e-05
7.599149322597122602e-05
7.603803460292521345e-05
7.607492411516807271e-05
7.612135618403950948e-05
7.615815072055951221e-05
7.620279833636997959e-05
7.623999149074936542e-05
7.628554666956662163e-05
7.632247453476966579e-05
7.636776448079390445e-05
7.640462780508245212e-05
7.645074395649212903e-05
7.648800429058542796e-05
7.653403654566377583e-05
7.657037925794393188e-05
7.661544877468251980e-05
7.665135914392623635e-05
7.669659689792049384e-05
7.673296602093480456e-05
7.677908694426923948e-05
7.681567535020924359e-05
7.686111499966283625e-05
7.689778677590369696e-05
7.694346529577411728e-05
7.698001166206427037e-05
7.702484541699862756e-05
7.706067434546858225e-05
7.710582948339935393e-05
7.714274037602856615e-05
7.718767462674912239e-05
7.722376927232681783e-05
7.726891478477412802e-05
7.730595297871649429e-05
7.735135214625654351e-05
7.738658736048256508e-05
7.743148134398903835e-05
7.746771023005981783e-05
7.751242729078669600e-05
7.754836423112510229e-05
7.759313396262297764e-05
7.762966594763045342e-05
7.767446202637248514e-05
7.771079877481080762e-05
7.775592767794093827e-05
7.779146000055557847e-05
7.783580118708292069e-05
7.787171538857905087e-05
7.791573892794975470e-05
7.795179361050955634e-05
7.799631965983900737e-05
7.803175765024031514e-05
7.807667283028352884e-05
7.811226209013387054e-05
7.815770570568829421e-05
7.819291049071481819e-05
7.823698390025167840e-05
7.827231823211212879e-05
7.831632837799440655e-05
7.835164732815187911e-05
7.839629555771034477e-05
7.843243274484589531e-05
7.847657014204627128e-05
7.851201624775494179e-05
7.855663204334956758e-05
7.859148438313571356e-05
7.863554168701998202e-05
7.867055308225491214e-05
7.871452394895134253e-05
7.874945710933118205e-05
7.879340163716714424e-05
7.882893568584923422e-05
7.887304499333994763e-05
7.890846343780557107e-05
7.895236958184555438e-05
7.898757732174839865e-05
7.903108539695586016e-05
7.906575630998293272e-05
7.910928875933429211e-05
7.914420396228883064e-05
7.918760154941711644e-05
7.922278851323245885e-05
7.926669294841167388e-05
7.930175129787195613e-05
7.934564976541671707e-05
7.937978414032196975e-05
7.942306341894090401e-05
7.945716164023295888e-05
7.950059250934755602e-05
7.953500216722111786e-05
7.957868278800800691e-05
7.961325229143557101e-05
7.965701955215335323e-05
7.969161435537303159e-05
7.973569975462666058e-05
7.976921265512721933e-05
7.981192339492357909e-05
7.984646857284837657e-05
7.988927215906415898e-05
7.992390342484467260e-05
7.996650041524769141e-05
8.000130658210046787e-05
8.004409525649836248e-05
8.007900355917651667e-05
8.012208455802287237e-05
8.015551997537892395e-05
8.019819333843158872e-05
8.023160172595566791e-05
8.027422435362245590e-05
8.030823168477384147e-05
8.035097221800632490e-05
8.038509404366139149e-05
8.042824282946841642e-05
8.046206087397386069e-05
8.050522561955047009e-05
8.053870932251899566e-05
8.058072600897112612e-05
8.061459977252095259e-05
8.065657747501657146e-05
8.069029587024089301e-05
8.073246902771706796e-05
8.076618929242166810e-05
8.080855851267647208e-05
8.084223357771636888e-05
8.088489627298166079e-05
8.091828837934021018e-05
8.095974479239039488e-05
8.099350570239871388e-05
8.103460273295218209e-05
8.106841471187306830e-05
8.111039497132253558e-05
8.114364412547389800e-05
8.118579223193519447e-05
8.121965312090343890e-05
8.126126182952607120e-05
8.129388100754780799e-05
8.133578121594274503e-05
8.136874238517064221e-05
8.141024427443093196e-05
8.144330343185639547e-05
8.148447216291962382e-05
8.151804512231711165e-05
8.155939294478492876e-05
8.159274983737620549e-05
8.163415424673436103e-05
8.166714333355305051e-05
8.170806179037069642e-05
8.174078175230214765e-05
8.178239189956603252e-05
8.181492632308851986e-05
8.185568731044169590e-05
8.188838191100581690e-05
8.192998378795689532e-05
8.196269316559470536e-05
8.200436055112066678e-05
8.203647856785605084e-05
8.207751161625713844e-05
8.210950211931342276e-05
8.215051166420593630e-05
8.218256206148713560e-05
8.222327518406053143e-05
8.225622276398902443e-05
8.229708065307123229e-05
8.232957303059465872e-05
8.237081348113615726e-05
8.240264265159331957e-05
8.244265606812518172e-05
8.247474422745647326e-05
8.251468949459672859e-05
8.254712133920723077e-05
8.258759670510104807e-05
8.261951948640268244e-05
8.265980326678232292e-05
8.269255540815768457e-05
8.273380531638681366e-05
8.276447095151137276e-05
8.280424995602629732e-05
8.283618269839554697e-05
8.287631688819103212e-05
8.290818145667517907e-05
8.294787761153714356e-05
8.298035110280353689e-05
8.302021992509705584e-05
8.305222024658078330e-05
8.309261388405111970e-05
8.312348158833585718e-05
8.316321030856753404e-05
8.319434313771335583e-05
8.323379197550158522e-05
8.326594825505367176e-05
8.330502199422806981e-05
8.333668400911332312e-05
8.337666962595660875e-05
8.340828956423618039e-05
8.344802442422717182e-05
8.347881169918028462e-05
8.351821322596239485e-05
8.354900907969655798e-05
8.358820573275835752e-05
8.361971574099446745e-05
8.365804212603243021e-05
8.369004981337982755e-05
8.372905704249585987e-05
8.376041550813593877e-05
8.380010895873479316e-05
8.383045193841143325e-05
8.386907536067892582e-05
8.389973767161882094e-05
8.393806421128282441e-05
8.396983745779040636e-05
8.400837472224531154e-05
8.403931999624922452e-05
8.407823326599257166e-05
8.410881662475493451e-05
8.414761211702249412e-05
8.417825384626217251e-05
8.421657364046867124e-05
8.424689117114556513e-05
8.428508382374119863e-05
8.431557187093508226e-05
8.435426903622089906e-05
8.438487383436048587e-05
8.442351841209419191e-05
8.445389774409259244e-05
8.449250476565184668e-05
8.452279692431210556e-05
8.456074597895753742e-05
8.459119223478590041e-05
8.462896915652329374e-05
8.465891417044252613e-05
8.469673054840608825e-05
8.472717097367407863e-05
8.476529889151870520e-05
8.479579480715751169e-05
8.483378973510652594e-05
8.486372672933685502e-05
8.490061285989455072e-05
8.493038890766338575e-05
8.496797530908199237e-05
8.499824453588027552e-05
8.503511773930958221e-05
8.506546323070500123e-05
8.510351902619049040e-05
8.513398765886285636e-05
8.517075625671968156e-05
8.520067914820014538e-05
8.523735801582833858e-05
8.526720629165053229e-05
8.530370531892225152e-05
8.533389395417245119e-05
8.537041143624372148e-05
8.540069982902903937e-05
8.543745390451960419e-05
8.546762689736557539e-05
8.550509016057348079e-05
8.553379757173834488e-05
8.557086022349800656e-05
8.559918876157670035e-05
8.563608376331565146e-05
8.566556564037863906e-05
8.570167799997483252e-05
8.573174730175080476e-05
8.576821678106671281e-05
8.579824282606957585e-05
8.583491971943097679e-05
8.586398677890683768e-05
8.590000620006751919e-05
8.592832714562762594e-05
8.596447457711807428e-05
8.599357015823537757e-05
8.602981229588445853e-05
8.605943858324593054e-05
8.609541460199228620e-05
8.612443403700706390e-05
8.616115589393648995e-05
8.618976144458822001e-05
8.622479128102675174e-05
8.625423641222430143e-05
8.628950232604298484e-05
8.631783414952917427e-05
8.635397599287708440e-05
8.638256677929272967e-05
8.641844018262243314e-05
8.644768054932463845e-05
8.648387104506381415e-05
8.651157441945533260e-05
8.654680832561781985e-05
8.657492595858796416e-05
8.661070463508671483e-05
8.663834789727590808e-05
8.667476203813948975e-05
8.670270523285808452e-05
8.673805506654867401e-05
8.676642562824647654e-05
8.680232261798286574e-05
8.683012322705295852e-05
8.686472151830548392e-05
8.689241248052500415e-05
8.692783148914636469e-05
8.695556627359226373e-05
8.699067937308085528e-05
8.701838183960804098e-05
8.705436606168393248e-05
8.708194184104516564e-05
8.711704489265935944e-05
8.714462863952302353e-05
8.717947537723138077e-05
8.720690839239876883e-05
8.724107961918609532e-05
8.726969956844610762e-05
8.730392000085978330e-05
8.733140738741433824e-05
8.736591694711768295e-05
8.739398925512194662e-05
8.742865216011058650e-05
8.745524020815872480e-05
8.748940433973456156e-05
8.751692926091994259e-05
8.755137678229915664e-05
8.757839405042244004e-05
8.761318671166709918e-05
8.764002905281639431e-05
8.767455318748181231e-05
8.770234407862726573e-05
8.773671994812184537e-05
8.776342777781713620e-05
8.779650708827146292e-05
8.782381548684426039e-05
8.785772202951887895e-05
8.788417267148086070e-05
8.791864206129199901e-05
8.794539524703118879e-05
8.797927816927214118e-05
8.800644063518258135e-05
8.804027447073635838e-05
8.806694427709382074e-05
8.810012881919229255e-05
8.812652627582737706e-05
8.816019149175692278e-05
8.818627861058134134e-05
8.822036527109305482e-05
8.824660242547863751e-05
8.828010720882573537e-05
8.830674311051926349e-05
8.834037598940551494e-05
8.836677441450599250e-05
8.839971337905536413e-05
8.842604724174145349e-05
8.845847241243698139e-05
8.848557785597338922e-05
8.851807895993180910e-05
8.854473142176993669e-05
8.857768413564497448e-05
8.860407527457313552e-05
8.863703910755788885e-05
8.866326051158604591e-05
8.869527263835072864e-05
8.872162431888018302e-05
8.875367896934161492e-05
8.877998885740195282e-05
8.881221442701285097e-05
8.883855505872689188e-05
8.887088270062882558e-05
8.889709396728845826e-05
8.893023231644412157e-05
8.895514212742758884e-05
8.898740904726117138e-05
8.901337479817685201e-05
8.904490100617820539e-05
8.907099048155282740e-05
8.910313949785664289e-05
8.912897153513436963e-05
8.916081827072822789e-05
8.918678447883507821e-05
8.921939155693657390e-05
8.924419402522985759e-05
8.927602311426359937e-05
8.930096613684373390e-05
8.933328838044504597e-05
8.935872851306533762e-05
8.939065513278487746e-05
8.941503615952643333e-05
8.944742858580909432e-05
8.947278516831206762e-05
8.950490599185029683e-05
8.952979057684497222e-05
8.956108128433040033e-05
8.958584151080898293e-05
8.961722683535135756e-05
8.964242888940865449e-05
8.967361929045182610e-05
8.969876731792960755e-05
8.973013541878020326e-05
8.975508117360181349e-05
8.978707161007232283e-05
8.981124506624089845e-05
8.984202193952357373e-05
8.986619426398353093e-05
8.989718911153827467e-05
8.992162281064215192e-05
8.995353543529108643e-05
8.997828359372852256e-05
9.000908592467866606e-05
9.003357497114199712e-05
9.006474365791578875e-05
9.008917918660642749e-05
9.011984830320835427e-05
9.014370830531487995e-05
9.017462551905431310e-05
9.019869175822376156e-05
9.022911069982809474e-05
9.025387466590465053e-05
9.028427840948881388e-05
9.030861531118917021e-05
9.033969025732409405e-05
9.036296760008085576e-05
9.039379385988134197e-05
9.041732506921236403e-05
9.044753938563489454e-05
9.047131924937870467e-05
9.050174319086944769e-05
9.052572598513389831e-05
9.055604124940085922e-05
9.057981988703364619e-05
9.060982515576154880e-05
9.063397660690854024e-05
9.066329230224478241e-05
9.068698598497365853e-05
9.071709256725014902e-05
9.074090695651314861e-05
9.077095471325245140e-05
9.079416799163710615e-05
9.082400146214298449e-05
9.084794046199885158e-05
9.087713371259694784e-05
9.090138029620469971e-05
9.093000652352354110e-05
9.095331873228770932e-05
9.098255374637915821e-05
9.100593932182202551e-05
9.103530062936010872e-05
9.105858627083352407e-05
9.108808145714751114e-05
9.111204862804719081e-05
9.114148239860947541e-05
9.116411059033530714e-05
9.119371689155067245e-05
9.121629125811159798e-05
9.124497138429429996e-05
9.126806563880268273e-05
9.129772048171925136e-05
9.132068845038209730e-05
9.134939667147718215e-05
9.137291841129303925e-05
9.140188534885996760e-05
9.142409420038391380e-05
9.145343451598369328e-05
9.147550076234676455e-05
9.150479237972645920e-05
9.152699591449814506e-05
9.155578420057172142e-05
9.157825119638343312e-05
9.160740473125630044e-05
9.162981132246904618e-05
9.165848075806447097e-05
9.168090546368724023e-05
9.170876478622631551e-05
9.173160131073424385e-05
9.175982740631650309e-05
9.178240240066501833e-05
9.180974328634290357e-05
9.183275290109805882e-05
9.186105159933982526e-05
9.188369749986103816e-05
9.191142060895991447e-05
9.193310946017386445e-05
9.196083290272502782e-05
9.198370779870651656e-05
9.201144603558022593e-05
9.203423128117093884e-05
9.206159071224363105e-05
9.208355747964146231e-05
9.211167320182088068e-05
9.213374689560964404e-05
9.216145386581462882e-05
9.218238862870540824e-05
9.221112295039482162e-05
9.223226391891060460e-05
9.226032210741634272e-05
9.228209105505858899e-05
9.230885849069114476e-05
9.233124351929054201e-05
9.235809813402687750e-05
9.238010384893633354e-05
9.240805669085540655e-05
9.242917610520239361e-05
9.245606888557924468e-05
9.247786983456086777e-05
9.250501113543328335e-05
9.252581292617491555e-05
9.255337332066923854e-05
9.257508540928523558e-05
9.260146952704562400e-05
9.262339704608864494e-05
9.265099862998564593e-05
9.267196357171943828e-05
9.269830337867977527e-05
9.271966280806189854e-05
9.274656583511514110e-05
9.276746376751127956e-05
9.279381021736764798e-05
9.281562236153302137e-05
9.284194712896007317e-05
9.286344605720387726e-05
9.289003432711176401e-05
9.291072165729707456e-05
9.293712609593990446e-05
9.295780473837105852e-05
9.298412188817453737e-05
9.300567344725773895e-05
9.303140776522677376e-05
9.305261719894217156e-05
9.307851480993092376e-05
9.309945608723283828e-05
9.312640706203715636e-05
9.314624394074880501e-05
9.317257847646161933e-05
9.319292760275843762e-05
9.321919761681611626e-05
9.323940890905988484e-05
9.326522644029859566e-05
9.328620545649849501e-05
9.331233499963078183e-05
9.333267752475446011e-05
9.335857132687993979e-05
9.337903860285332383e-05
9.340467603825878217e-05
9.342464947848938691e-05
9.344994872781261185e-05
9.347019459674427459e-05
9.349626222705079734e-05
9.351674612332319051e-05
9.354195119570702939e-05
9.356252805497788710e-05
9.358799982711560079e-05
9.360744406141185514e-05
9.363307048959596110e-05
9.365305499370074789e-05
9.367830040498668659e-05
9.369785431071946471e-05
9.372313275037598283e-05
9.374328907888196665e-05
9.376868700736268824e-05
9.378887846994856227e-05
9.381392220034281439e-05
9.383393510752809368e-05
9.385865561786133255e-05
9.387759244720622533e-05
9.390280627973516647e-05
9.392249473473619661e-05
9.394705814182012114e-05
9.396713451053915795e-05
9.399205019703804501e-05
9.401188300645233148e-05
9.403692187915097119e-05
9.405605354036952086e-05
9.408020662526832127e-05
9.409964290733402676e-05
9.412424293105161308e-05
9.414345085266898321e-05
9.416742797670791425e-05
9.418781964427807944e-05
9.421183125508486274e-05
9.423129994448023634e-05
9.425637206010722426e-05
9.427497376754275470e-05
9.429895568556945652e-05
9.431868122236635897e-05
9.434182211298673324e-05
9.436151501010609454e-05
9.438537469634878936e-05
9.440522676564350949e-05
9.442826319721116148e-05
9.444822002134919047e-05
9.447234135858731104e-05
9.449122743693208102e-05
9.451468278996257336e-05
9.453329108137258541e-05
9.455704651980589360e-05
9.457541498879065418e-05
9.460001403639861227e-05
9.461903404269295039e-05
9.464264513932463165e-05
9.466120803467932066e-05
9.468467405847024441e-05
9.470421003016674067e-05
9.472666818245289045e-05
9.474574174922993771e-05
9.476854107867533857e-05
9.478718944764952920e-05
9.481142752231072265e-05
9.482911270562056222e-05
9.485280161637555242e-05
9.487113113184159833e-05
9.489481318167275860e-05
9.491302512068586336e-05
9.493656960331766531e-05
9.495405779288951893e-05
9.497731116102605862e-05
9.499608113630081299e-05
9.501867179863977928e-05
9.503704337424858804e-05
9.505966959757656295e-05
9.507847430833480913e-05
9.510148999551826406e-05
9.512010389432945686e-05
9.514187739427775858e-05
9.516050323420689988e-05
9.518232719514460604e-05
9.520122468050506179e-05
9.522328724407630928e-05
9.524152081792584671e-05
9.526363088400673757e-05
9.528224372693459008e-05
9.530470761646586437e-05
9.532254085639370854e-05
9.534465723890568796e-05
9.536240242344920471e-05
9.538477992477131144e-05
9.540263831553744969e-05
9.542481168177008191e-05
9.544257827074071178e-05
9.546521949714678514e-05
9.548286677158975607e-05
9.550514882815444573e-05
9.552341138914895646e-05
9.554474443940723241e-05
9.556192440827116429e-05
9.558384066160464216e-05
9.560130727173141000e-05
9.562432179762048342e-05
9.564065319128648595e-05
9.566352367069579131e-05
9.568032164786972123e-05
9.570275445424217579e-05
9.572023095676820774e-05
9.574152705248207868e-05
9.575947776187203179e-05
9.578060201462247332e-05
9.579664114152096626e-05
9.581888197768388953e-05
9.583602848801401274e-05
9.585737331201565946e-05
9.587502034898517803e-05
9.589691444300203792e-05
9.591446357062098041e-05
9.593494253625163613e-05
9.595256562558976052e-05
9.597351053928986444e-05
9.599087019026128671e-05
9.601188385083487317e-05
9.602783023624908768e-05
9.605015653076849386e-05
9.606669203377862809e-05
9.608831746246590750e-05
9.610520341201195444e-05
9.612578810458179016e-05
9.614271474106617977e-05
9.616391179491784187e-05
9.618018613510859183e-05
9.620157062512799627e-05
9.621775181354054441e-05
9.623938736848552564e-05
9.625588393358026787e-05
9.627726207971007953e-05
9.629301756634323116e-05
9.631388080346150961e-05
9.632996146310077721e-05
9.635118953388329788e-05
9.636689167393135201e-05
9.638792717525777756e-05
9.640454169614911216e-05
9.642557758352957367e-05
9.644169159660879206e-05
9.646235845007170701e-05
9.647867769391120876e-05
9.649897015489752167e-05
9.651447328557256227e-05
9.653501966353025419e-05
9.655099343965035594e-05
9.657162432297672003e-05
9.658761756357391677e-05
9.660798227236600368e-05
9.662442882835111312e-05
9.664477476832101024e-05
9.666068071274729111e-05
9.668058581568907876e-05
9.669604905076736477e-05
9.671579447311099483e-05
9.673257545371017707e-05
9.675270536899082134e-05
9.676830129062243457e-05
9.678837974678364253e-05
9.680394349608407751e-05
9.682407798805112305e-05
9.684005792949393950e-05
9.685902368927015217e-05
9.687481456704458821e-05
9.689483545116618548e-05
9.691064902370778895e-05
9.693076869192559142e-05
9.694621183839318443e-05
9.696567884166287234e-05
9.698125370650575376e-05
9.700099969248399915e-05
9.701652289947314538e-05
9.703610417817294860e-05
9.705066141184754682e-05
9.707034502275323727e-05
9.708626108422541818e-05
9.710583658953636076e-05
9.712073282679702612e-05
9.714052977804879042e-05
9.715614971097396744e-05
9.717499667449544575e-05
9.719057169250031546e-05
9.720944792953398336e-05
9.722442750106945935e-05
9.724325247391723778e-05
9.725898430036623952e-05
9.727794658679356503e-05
9.729293751168085276e-05
9.731165373789314179e-05
9.732784871452556405e-05
9.734661520338439629e-05
9.736149530307695963e-05
9.738026451988397606e-05
9.739552025288161275e-05
9.741322204900228362e-05
9.742825228632574449e-05
9.744737878866771303e-05
9.746233156514580518e-05
9.748125548697478087e-05
9.749641975236889317e-05
9.751456472794051936e-05
9.753003157567543375e-05
9.754768678299739488e-05
9.756288847940774729e-05
9.758118901390673940e-05
9.759637383770062864e-05
9.761448302161064171e-05
9.762921074634044638e-05
9.764736812299070390e-05
9.766179813386449931e-05
9.768096839028351662e-05
9.769546560664970388e-05
9.771308680148934060e-05
9.772785518403358143e-05
9.774595749351224535e-05
9.776063999619247495e-05
9.777820928322476779e-05
9.779304016879892777e-05
9.781132677729106070e-05
9.782601696810601930e-05
9.784375680411593545e-05
9.785811250929158040e-05
9.787553983191733429e-05
9.789061401284889267e-05
9.790856461815446144e-05
9.792210477990290934e-05
9.794001191489639779e-05
9.795454019306142936e-05
9.797180631646071715e-05
9.798669258598216982e-05
9.800378369093830583e-05
9.801852336379480264e-05
9.803583160942626567e-05
9.804979053600760945e-05
9.806675308521274007e-05
9.808160869089618751e-05
9.809916049975982838e-05
9.811266988173437790e-05
9.812977523862592049e-05
9.814484083279789316e-05
9.816254021110086829e-05
9.817620555778822859e-05
9.819385658587579790e-05
9.820757261773177191e-05
9.822411371670677330e-05
9.823762318883690764e-05
9.825547661203519847e-05
9.826900206195575329e-05
9.828653108489042098e-05
9.830076451069528717e-05
9.831790744728241072e-05
9.833056903038067838e-05
9.834862813363069484e-05
9.836123493263098229e-05
9.837810732725362373e-05
9.839202489435810257e-05
9.840939890435967084e-05
9.842312072203233551e-05
9.844007237169021018e-05
9.845324179863727940e-05
9.846964196642113876e-05
9.848417335646683722e-05
9.850062408709050034e-05
9.851374237951961719e-05
9.852953080054599141e-05
9.854353809262778258e-05
9.856004222054550552e-05
9.857342442121555894e-05
9.858998303011333908e-05
9.860394592437309578e-05
9.862071685706906760e-05
9.863308566272671108e-05
9.864975674043716949e-05
9.866307069183739408e-05
9.867976608880520801e-05
9.869224454424165081e-05
9.870879016192753781e-05
9.872214782385036348e-05
9.873870150026563416e-05
9.875241011693870633e-05
9.876787089884319271e-05
9.878138572691643306e-05
9.879709545321890645e-05
9.881092752548618267e-05
9.882658362961859735e-05
9.883885633560490227e-05
9.885531222847273268e-05
9.886809791664606683e-05
9.888456466212293763e-05
9.889748654901392682e-05
9.891308211503728345e-05
9.892629939941020639e-05
9.894242128130998303e-05
9.895534598477260092e-05
9.897063205355625839e-05
9.898360218266833788e-05
9.899949586254726307e-05
9.901178737840939830e-05
9.902782422637128963e-05
9.904054307700202963e-05
9.905639017732616636e-05
9.906900666651922093e-05
9.908482501315356663e-05
9.909661793906986919e-05
9.911258617541329860e-05
9.912555695881076047e-05
9.914095332979534401e-05
9.915321266951480179e-05
9.916868638432539055e-05
9.918114040687414060e-05
9.919651802440629276e-05
9.920896663554002013e-05
9.922429256531355266e-05
9.923679726563349986e-05
9.925196051045454112e-05
9.926382803740094966e-05
9.928008147183360436e-05
9.929150410076847456e-05
9.930771554364929200e-05
9.931981127662121533e-05
9.933445338750103979e-05
9.934751513057889542e-05
9.936228741981298145e-05
9.937477684182905162e-05
9.938943548572044882e-05
9.940119553738557855e-05
9.941630050709701486e-05
9.942851793433177287e-05
9.944361496253154378e-05
9.945567363506792259e-05
9.947048505407651603e-05
9.948286736470960420e-05
9.949783217441109952e-05
9.950899969371848229e-05
9.952435773508678369e-05
9.953605869018781820e-05
9.955138217245660033e-05
9.956304357246801662e-05
9.957756897023038538e-05
9.958920634248184963e-05
9.960428215189726835e-05
9.961580481224030341e-05
9.963087023348727439e-05
9.964219962728465216e-05
9.965647078758890851e-05
9.966854378082491564e-05
9.968261135384700754e-05
9.969511097606067074e-05
9.970885717625986436e-05
9.972132244364193953e-05
9.973540291103502717e-05
9.974660415190285249e-05
9.976172990825136241e-05
9.977311060193438496e-05
9.978764148651216926e-05
9.979901218693718035e-05
9.981279294801851136e-05
9.982414446565814384e-05
9.983807518254423350e-05
9.985021539991809092e-05
9.986505061242613587e-05
9.987555532518392403e-05
9.988995348799518861e-05
9.990059750224108666e-05
9.991502612657180717e-05
9.992656090539308732e-05
9.994121923407343823e-05
9.995154468937402761e-05
9.996613481969055220e-05
9.997742122255879466e-05
9.999132311259397094e-05
1.000023250295971046e-04
1.000160964118836164e-04
1.000277991300655567e-04
1.000414622534419312e-04
1.000526970589379113e-04
1.000658235840437755e-04
1.000776645829523610e-04
1.000910361583419060e-04
1.001020493056231403e-04
1.001153640919163514e-04
1.001275366456246246e-04
1.001407368494350243e-04
1.001517331617607641e-04
1.001644786306382683e-04
1.001763043774902781e-04
1.001898991727000280e-04
1.002002781492529210e-04
1.002135789841987847e-04
1.002252891315023468e-04
1.002388729993858736e-04
1.002498929448738266e-04
1.002626535340115044e-04
1.002733600223944856e-04
1.002867930910094729e-04
1.002981161394031153e-04
1.003112197852491186e-04
1.003219164921192742e-04
1.003348044513677618e-04
1.003458543084850948e-04
1.003592675540684111e-04
1.003691146198013354e-04
1.003823012637875868e-04
1.003936004174412286e-04
1.004070522643430569e-04
1.004167483340048523e-04
1.004301783381160700e-04
1.004408068515704947e-04
1.004535442916895004e-04
1.004647498657446449e-04
1.004777078524156326e-04
1.004875913628036578e-04
1.005014084619579881e-04
1.005112295473364615e-04
1.005233651649774522e-04
1.005343194214097969e-04
1.005469173964268465e-04
1.005577819595432658e-04
1.005703477968352441e-04
1.005815616873855455e-04
1.005937306911474440e-04
1.006039456608415298e-04
1.006163565584285348e-04
1.006262888613457539e-04
1.006397864647145027e-04
1.006499315169821529e-04
1.006625610451643938e-04
1.006725966662124920e-04
1.006849186247788387e-04
1.006950550763411088e-04
1.007088407261145927e-04
1.007177138643918797e-04
1.007300294160160431e-04
1.007403760537711859e-04
1.007529128432779503e-04
1.007629886264258906e-04
1.007749728842762405e-04
1.007854297026246972e-04
1.007983285601737303e-04
1.008079437577450208e-04
1.008204755905274232e-04
1.008297690025735673e-04
1.008423236726243010e-04
1.008519293463492396e-04
1.008641380742172499e-04
1.008745278442009079e-04
1.008866855838216566e-04
1.008962751968097349e-04
1.009090328571104843e-04
1.009182821450165906e-04
1.009309536990593521e-04
1.009401039964020314e-04
1.009526257772409033e-04
1.009616077993967070e-04
1.009746155347481168e-04
1.009838695493660158e-04
1.009951521279305237e-04
1.010052023290204128e-04
1.010173146491014909e-04
1.010273691580134233e-04
1.010391982078192094e-04
1.010483643060683975e-04
1.010603392542622811e-04
1.010695381540272723e-04
1.010821539116043600e-04
1.010913402311521963e-04
1.011035709211089296e-04
1.011128585606024176e-04
1.011242022882018036e-04
1.011334297777367370e-04
1.011452005065858843e-04
1.011545770590570743e-04
1.011662678214010429e-04
1.011759797019360247e-04
1.011873626589369576e-04
1.011965350309889798e-04
1.012080914844825166e-04
1.012180347598660253e-04
1.012298923781339825e-04
1.012394409829959937e-04
1.012498807671230320e-04
1.012590112549478072e-04
1.012711123193884904e-04
1.012806461613079785e-04
1.012914111312780187e-04
1.013006963106193346e-04
1.013123941695869934e-04
1.013212884406110238e-04
1.013328451538166665e-04
1.013419270275458232e-04
1.013530153050649175e-04
1.013623396290979533e-04
1.013731168107682859e-04
1.013829617457253756e-04
1.013934008620820366e-04
1.014020742001891948e-04
1.014141139069900974e-04
1.014225919213852984e-04
1.014344317724199873e-04
1.014428068750485419e-04
1.014549627255059857e-04
1.014632216473294109e-04
1.014738949729848504e-04
1.014824422977017343e-04
1.014930117492689150e-04
1.015029302698892836e-04
1.015138674047309433e-04
1.015222414640830302e-04
1.015331069217273501e-04
1.015429268954957655e-04
1.015535380876536121e-04
1.015625856440952046e-04
1.015730863527652278e-04
1.015818425764807156e-04
1.015924792068913305e-04
1.016013950543665444e-04
1.016123079498435113e-04
1.016209048198041845e-04
1.016314120034436669e-04
1.016399555722716404e-04
1.016508728016285689e-04
1.016589070839349774e-04
1.016697750919704022e-04
1.016787786069606414e-04
1.016894857715427232e-04
1.016982497991060161e-04
1.017081099683271107e-04
1.017167807820308802e-04
1.017274906493042906e-04
1.017364575938481381e-04
1.017463156967442163e-04
1.017550269199608934e-04
1.017660254450312421e-04
1.017733779153075712e-04
1.017848492436010063e-04
1.017924000817796399e-04
1.018032076271886634e-04
1.018107538965669893e-04
1.018217996829258080e-04
1.018300048168915882e-04
1.018406713919228930e-04
1.018483396652265869e-04
1.018595493323944887e-04
1.018674980099727842e-04
1.018780391887520048e-04
1.018863030985091750e-04
1.018958828585783574e-04
1.019046535546352884e-04
1.019148027088277931e-04
1.019228451691510319e-04
1.019333200118697878e-04
1.019411538866019529e-04
1.019514964751973117e-04
1.019591537097287872e-04
1.019692442782242615e-04
1.019771398365516699e-04
1.019878030773347326e-04
1.019961681306465889e-04
1.020055723420053019e-04
1.020140948063977883e-04
1.020235967155754117e-04
1.020320877568506161e-04
1.020416229881225095e-04
1.020495575333114680e-04
1.020597516237036178e-04
1.020673324083316516e-04
1.020775622010978962e-04
1.020854528597754727e-04
1.020952994495927035e-04
1.021035324178932828e-04
1.021133538720255711e-04
1.021201966868764125e-04
1.021304559679443095e-04
1.021378779108784898e-04
1.021482711660282424e-04
1.021555596023044097e-04
1.021651376165283567e-04
1.021736536734366130e-04
1.021831267412625933e-04
1.021906994011534837e-04
1.022001289303193193e-04
1.022083999575921592e-04
1.022175596619540289e-04
1.022259054886874937e-04
1.022346937357694976e-04
1.022423281813964477e-04
1.022514720741716582e-04
1.022595812218755039e-04
1.022696492194408136e-04
1.022770518973081165e-04
1.022869076401072814e-04
1.022941447105930976e-04
1.023026624632375432e-04
1.023107796122496501e-04
1.023197358670956320e-04
1.023282109155262552e-04
1.023370454009234784e-04
1.023442411068054410e-04
1.023536106848912740e-04
1.023612925212948163e-04
1.023710861704024916e-04
1.023787449917722126e-04
1.023871917357788863e-04
1.023949042852198479e-04
1.024034589459759244e-04
1.024114300571917006e-04
1.024200536754987773e-04
1.024276119921901473e-04
1.024371310577121090e-04
1.024444284919789427e-04
1.024535137518018730e-04
1.024606276664868785e-04
1.024692904480958833e-04
1.024771723868952332e-04
1.024859590467639526e-04
1.024931816036411244e-04
1.025022881642218296e-04
1.025094039732506477e-04
1.025185416172966901e-04
1.025261792022482695e-04
1.025349216775427495e-04
1.025424296170214370e-04
1.025510106935041753e-04
1.025583149394842711e-04
1.025663528155176530e-04
1.025738522225386277e-04
1.025823935201189852e-04
1.025899772628175344e-04
1.025991396963176221e-04
1.026063206296890450e-04
1.026145237619561866e-04
1.026217575484904146e-04
1.026307069461365029e-04
1.026371361676983734e-04
1.026464855527062703e-04
1.026533608837561278e-04
1.026617184401920749e-04
1.026695998192037079e-04
1.026774154500300295e-04
1.026838984185353328e-04
1.026939275251166492e-04
1.026996918207616485e-04
1.027089310708327033e-04
1.027152510987110461e-04
1.027244453120372054e-04
1.027308831385347418e-04
1.027396881286132477e-04
1.027459746364779486e-04
1.027555813304861646e-04
1.027614166030432015e-04
1.027709227331055072e-04
1.027768310678025003e-04
1.027851779144591519e-04
1.027917362411795253e-04
1.028004512234978343e-04
1.028068738891608824e-04
1.028144995172403510e-04
1.028228299208945931e-04
1.028305787304857513e-04
1.028372376161214183e-04
1.028463550686108905e-04
1.028521901635827673e-04
1.028608979915062967e-04
1.028668919346563556e-04
1.028748432743167672e-04
1.028816922023317420e-04
1.028907816412770796e-04
1.028974761174445703e-04
1.029054169210615629e-04
1.029121985506467287e-04
1.029200723193121435e-04
1.029267605455105590e-04
1.029346894566792353e-04
1.029410620019908786e-04
1.029491300337395470e-04
1.029554569641738093e-04
1.029640263347433447e-04
1.029702276845671349e-04
1.029781473961775275e-04
1.029850123320468462e-04
1.029927987285714344e-04
1.029996979546890875e-04
1.030073406701498842e-04
1.030131468699570306e-04
1.030213005032272163e-04
1.030281161986509110e-04
1.030358965624450995e-04
1.030426394777967725e-04
1.030506510640048301e-04
1.030561409562641141e-04
1.030642254859864918e-04
1.030710433219173862e-04
1.030791416084435655e-04
1.030846251873424383e-04
1.030923790562423490e-04
1.030994808794727537e-04
1.031064500256278317e-04
1.031129701576977598e-04
1.031211370081774989e-04
1.031268984832235734e-04
1.031345683891175840e-04
1.031408893210148926e-04
1.031483614721695209e-04
1.031544112070238305e-04
1.031622615433808919e-04
1.031679967579172898e-04
1.031761019820580144e-04
1.031816084103078386e-04
1.031899865069484411e-04
1.031964440269834819e-04
1.032033143094159043e-04
1.032102441495923986e-04
1.032173331339992253e-04
1.032230034434680559e-04
1.032302522989492558e-04
1.032366011889281608e-04
1.032438089684620161e-04
1.032506143022725455e-04
1.032581471263994353e-04
1.032638774207580832e-04
1.032713505052093372e-04
1.032774169971408857e-04
1.032843646800738949e-04
1.032899644379372471e-04
1.032984204361596278e-04
1.033038041110879876e-04
1.033114028149550848e-04
1.033168817420664982e-04
1.033237378304479974e-04
1.033308743365672194e-04
1.033380244047200718e-04
1.033436268261175443e-04
1.033505040531095996e-04
1.033562321121590333e-04
1.033632810073726509e-04
1.033692207635705703e-04
1.033763601270655188e-04
1.033829429919354672e-04
1.033904837333874505e-04
1.033958541686453691e-04
1.034032626102081146e-04
1.034089918444518896e-04
1.034166049021076388e-04
1.034221669513819185e-04
1.034286604314982127e-04
1.034342233629019720e-04
1.034408777113646606e-04
1.034466052756484483e-04
1.034540275474901704e-04
1.034598454435334866e-04
1.034672531212324877e-04
1.034719124613407780e-04
1.034794377876512673e-04
1.034845550676765150e-04
1.034915365325087450e-04
1.034976240713708764e-04
1.035048627350216237e-04
1.035106406825454990e-04
1.035177616489145838e-04
1.035222016280711889e-04
1.035298582384833372e-04
1.035355728993377555e-04
1.035421305051810085e-04
1.035475984664185152e-04
1.035550736090710619e-04
1.035592152183623940e-04
1.035662323555852431e-04
1.035725831155741815e-04
1.035787165023222662e-04
1.035842676916287679e-04
1.035919587843001815e-04
1.035963947195901182e-04
1.036033741635679849e-04
1.036082990049009861e-04
1.036156196086315362e-04
1.036204933718562146e-04
1.036276188495009433e-04
1.036335227368878896e-04
1.036394504228865311e-04
1.036459378311583413e-04
1.036520335508034417e-04
1.036575514863200036e-04
1.036639772689234733e-04
1.036686240634223825e-04
1.036758080309939210e-04
1.036809467926300788e-04
1.036879732786235463e-04
1.036928090702647599e-04
1.036984996942001707e-04
1.037047619858711512e-04
1.037110423868607147e-04
1.037168250344575488e-04
1.037235310380845820e-04
1.037280900504176370e-04
1.037345285378861258e-04
1.037402772698424545e-04
1.037459368678794893e-04
1.037511204025423639e-04
1.037577633293482193e-04
1.037634813620663525e-04
1.037694558507930959e-04
1.037748438791241445e-04
1.037804278624808500e-04
1.037854384963586996e-04
1.037928081090078907e-04
1.037981062206726635e-04
1.038043972411717577e-04
1.038090764291313157e-04
1.038151042043016626e-04
1.038200623506544437e-04
1.038271040708731152e-04
1.038320831643357606e-04
1.038388016866488057e-04
1.038431974060918681e-04
1.038495888418439927e-04
1.038543614316632700e-04
1.038606099977225659e-04
1.038658204766760706e-04
1.038721126780509828e-04
1.038766791554494688e-04
1.038829269314647498e-04
1.038881499519748878e-04
1.038941737390240407e-04
1.038992869555903278e-04
1.039055727899454272e-04
1.039095837908336788e-04
1.039153109927858554e-04
1.039207661333627590e-04
1.039270005969662253e-04
1.039318161718035677e-04
1.039377059848836763e-04
1.039427535355803844e-04
1.039493450132813351e-04
1.039530919239827611e-04
1.039591627627605433e-04
1.039644992435412112e-04
1.039704600460633328e-04
1.039758259166516456e-04
1.039810343891033875e-04
1.039862491627559422e-04
1.039922300350393328e-04
1.039970036662292267e-04
1.040021638405070503e-04
1.040072726820063240e-04
1.040140554203458813e-04
1.040175941484566206e-04
1.040240641627811728e-04
1.040294887075081533e-04
1.040351697612837547e-04
1.040390405593029165e-04
1.040453709739735971e-04
1.040493011311079705e-04
1.040555705775498538e-04
1.040605389458317052e-04
1.040659620289624337e-04
1.040705345696729629e-04
1.040759131891174863e-04
1.040812222000129416e-04
1.040863970097528646e-04
1.040912681858215897e-04
1.040974004999161388e-04
1.041018732951311813e-04
1.041079623460501092e-04
1.041121367270598044e-04
1.041171812148100232e-04
1.041226028800252163e-04
1.041273706780303584e-04
1.041325659547035376e-04
1.041381000849628984e-04
1.041432352399205153e-04
1.041483608837792197e-04
1.041525170453497603e-04
1.041586389089393190e-04
1.041624791483078459e-04
1.041691346504814233e-04
1.041731874474872131e-04
1.041782609711473253e-04
1.041830518955343127e-04
1.041883888752186333e-04
1.041927483627366291e-04
1.041985783568476236e-04
1.042026537568298701e-04
1.042083683172081695e-04
1.042124686118970598e-04
1.042181802829153162e-04
1.042221916571062749e-04
1.042275196977011773e-04
1.042317543325063694e-04
1.042383659786438074e-04
1.042425439576471368e-04
1.042479491725209695e-04
1.042513995819336779e-04
1.042568504839797770e-04
1.042613386620297043e-04
1.042672898941798788e-04
1.042712543244191412e-04
1.042767844172550981e-04
1.042808796108660082e-04
1.042859489039115096e-04
1.042906546554981387e-04
1.042951669023729343e-04
1.042995293439581375e-04
1.043062310774575706e-04
1.043102163057118631e-04
1.043153046167750753e-04
1.043195418198087070e-04
1.043249220792782602e-04
1.043286165011182573e-04
1.043339385802780517e-04
1.043380974825538652e-04
1.043435175709335672e-04
1.043476685128853304e-04
1.043530646790340557e-04
1.043571566111684278e-04
1.043621476848409339e-04
1.043665208894918822e-04
1.043703269232484877e-04
1.043745390169703813e-04
1.043801063829897114e-04
1.043843039323362303e-04
1.043897109550808919e-04
