5.895933518859452559e-06
5.850654876448510671e-06
5.859342819941317414e-06
5.755308936569075693e-06
5.760460215414039385e-06
5.713368859474782313e-06
5.699672774475617848e-06
5.668060191785905231e-06
5.647184285062336087e-06
5.617984022110515032e-06
5.594302476499367468e-06
5.565283754556297399e-06
5.539204117658395165e-06
5.510949835567215271e-06
5.482181377305019421e-06
5.454537495877267997e-06
5.424160794515523272e-06
5.397047102444429856e-06
5.365464571426641219e-06
5.338767928542229142e-06
5.306391533022156073e-06
5.279975532290301935e-06
5.247228309931503748e-06
5.222027485148466034e-06
5.188732430236185908e-06
5.164292431359103867e-06
5.131172202725309080e-06
5.107554802474563094e-06
5.074828688518374826e-06
5.051804880750884100e-06
5.019320645452903209e-06
4.997487914334983744e-06
4.965788546280486191e-06
4.944369445517575732e-06
4.913556390452056661e-06
4.893111697601055612e-06
4.863031410134125209e-06
4.843412598151500563e-06
4.814084680023069480e-06
4.795233680036684620e-06
4.766913639302339172e-06
4.748742307093000196e-06
4.721262096803223290e-06
4.704135135409124182e-06
4.677482585693935488e-06
4.661085663230066345e-06
4.635172431438351142e-06
4.619315445094749940e-06
4.594619710201956105e-06
4.579590090848778262e-06
4.555521590329446281e-06
4.541199107990060465e-06
4.518043104105512631e-06
4.504264312141370162e-06
4.482123928954722404e-06
4.468954003437423081e-06
4.447427822057552813e-06
4.435023049992944498e-06
4.414302957956045090e-06
4.402400840996630041e-06
4.382486407614016195e-06
4.371121897384516199e-06
4.352070341667149512e-06
4.341034355297827614e-06
4.322522045733200974e-06
4.312003042071446583e-06
4.294378353020290309e-06
4.284554503599382798e-06
4.267489250132004134e-06
4.257860573776547470e-06
4.241433849384595339e-06
4.232396780165578940e-06
4.216577988089099167e-06
4.207886321071334379e-06
4.192625804916878757e-06
4.184583864853007541e-06
4.169970991485638087e-06
4.162123610102470045e-06
4.147844871285584938e-06
4.140533031154624663e-06
4.126871068144380906e-06
4.119654064061836733e-06
4.106470016645063085e-06
4.099703287204465775e-06
4.087136749722704196e-06
4.080507878040894043e-06
4.068571897274461877e-06
4.062276869290258605e-06
4.050422073038661261e-06
4.044658174099526903e-06
4.033475672985222409e-06
4.027667318314071160e-06
4.016946576641847687e-06
4.011375281912774402e-06
4.000942183146027119e-06
3.996069847943590623e-06
3.985750974405208126e-06
3.981012078141129730e-06
3.971301369437196673e-06
3.966561639032386868e-06
3.957032992161340941e-06
3.952589899108640402e-06
3.943712992895743002e-06
3.939306295399551571e-06
3.930267327596746616e-06
3.926576400350127597e-06
3.917964418622639418e-06
3.914117519089487395e-06
3.905909828963982599e-06
3.902546863114817610e-06
3.894696488337062494e-06
3.890897796685957283e-06
3.883307260485770242e-06
3.879858095382123707e-06
3.872745479564443815e-06
3.869281549866445503e-06
3.862474167163228190e-06
3.859409907305406511e-06
3.852570874707040617e-06
3.849568900177738647e-06
3.843143390005528323e-06
3.840317669420224832e-06
3.833902545911558289e-06
3.831166321378852389e-06
3.825058455529839207e-06
3.822436335686317989e-06
3.816539064252008442e-06
3.814172470114289441e-06
3.808473335229491702e-06
3.806039690939223001e-06
3.800594704931986472e-06
3.798229802564317716e-06
3.792960565353699289e-06
3.790744115268654730e-06
3.785735988779237828e-06
3.783555640900067897e-06
3.778729441384268665e-06
3.776754647066495378e-06
3.771851454103904813e-06
3.769955297663840741e-06
3.765350618704705362e-06
3.763532910574720113e-06
3.759070422781236909e-06
3.757381778970593439e-06
3.752951076531343647e-06
3.751437623208411597e-06
3.747069367134928995e-06
3.745633274450443203e-06
3.741445444403401531e-06
3.739969532236064900e-06
3.735974446338183989e-06
3.734473584710159926e-06
3.730674772688925446e-06
3.729387501673135501e-06
3.725731465913279253e-06
3.724347369620883468e-06
3.720721778745766584e-06
3.719664181861848529e-06
3.716063287694763743e-06
3.714957140234786908e-06
3.711569056842433716e-06
3.710412377569386118e-06
3.706953054453317208e-06
3.705965955544186933e-06
3.702757386271672416e-06
3.701862393890936711e-06
3.698551068587435982e-06
3.697751816644463857e-06
3.694834216259800886e-06
3.693736587575960111e-06
3.690761178651908619e-06
3.689951915023930787e-06
3.687083007494995157e-06
3.686234782344726028e-06
3.683457193063074320e-06
3.682642282194178458e-06
3.679990413423064769e-06
3.679264126571592408e-06
3.676602029532694079e-06
3.675907732664267719e-06
3.673337846331555282e-06
3.672756075063270631e-06
3.669999880177910802e-06
3.669573773910338950e-06
3.667098839189291672e-06
3.666418656661561610e-06
3.664111418092863095e-06
3.663549146227956820e-06
3.661184226009437160e-06
3.660726415491198380e-06
3.658521222744179754e-06
3.658021045421720301e-06
3.655554675190143020e-06
3.655287252076628841e-06
3.653065310823781854e-06
3.652494026120126958e-06
3.650574079195238902e-06
3.650212749525248717e-06
3.648082507332490530e-06
3.647798220430685696e-06
3.645735719546817964e-06
3.645544421661405004e-06
3.643427191837126668e-06
3.643247767187325428e-06
3.641166286039649044e-06
3.640937788520547499e-06
3.639093376627359321e-06
3.638871016500568843e-06
3.636762979611335146e-06
3.636782370068468909e-06
3.634607123694310795e-06
3.634731412988668850e-06
3.632655254513598918e-06
3.632731134908380615e-06
3.630771834697130703e-06
3.630587916364091413e-06
3.628988469468254952e-06
3.628883197883351209e-06
3.627003229018808710e-06
3.627344304614434070e-06
3.625238991359618129e-06
3.625345237697528166e-06
3.623457262776775683e-06
3.623358225829851606e-06
3.621790583338962288e-06
3.621921626714540363e-06
3.620320445867618212e-06
3.620406762348211286e-06
3.618548118974065458e-06
3.618553263679930649e-06
3.616990704753092762e-06
3.617163489090319840e-06
3.615367731683568805e-06
3.615738555764367775e-06
3.614019424748367784e-06
3.614144409257558891e-06
3.612640041481972995e-06
3.612704585885141972e-06
3.611211772325582283e-06
3.611317144311775024e-06
3.609567467987918208e-06
3.609860077260046600e-06
3.608275007003045832e-06
3.608697800646095055e-06
3.607063689727044426e-06
3.607131171196842245e-06
3.605481075120430825e-06
3.605964894989784041e-06
3.604344181846189322e-06
3.604590289588219068e-06
3.603214891033788135e-06
3.603563040593847890e-06
3.601878298547359497e-06
3.602136240554575294e-06
3.600925642990205827e-06
3.601101531424625525e-06
3.599669655577211196e-06
3.599990286083201892e-06
3.598649873605368217e-06
3.598857176771201952e-06
3.597467320419845332e-06
3.597672540101534054e-06
3.596218313820331735e-06
3.596700751038477409e-06
3.595479983910841683e-06
3.595938682298065899e-06
3.594241987373946607e-06
3.594659336430002578e-06
3.593397242893299294e-06
3.594044831673412702e-06
3.592372502721696737e-06
3.592764134705887036e-06
3.591314797975693466e-06
3.591806758539091809e-06
3.590310639091847073e-06
3.590842813894586408e-06
3.589214562266966542e-06
3.589911784329191840e-06
3.588489615212431364e-06
3.589099866256941741e-06
3.587609602211509276e-06
3.588116532498634152e-06
3.586851103100087205e-06
3.587233536677560961e-06
3.585866834792263814e-06
3.586434781242765935e-06
3.584996141465248792e-06
3.585708715045794614e-06
3.584251272260057735e-06
3.584783108071551091e-06
3.583225607550464357e-06
3.584129160460360736e-06
3.582542504139958246e-06
3.583277785537371520e-06
3.581822987414735929e-06
3.582316718797034993e-06
3.581041806593050889e-06
3.581438508635149410e-06
3.580204328042209419e-06
3.580764549966611263e-06
3.579461543124160774e-06
3.580061905466156978e-06
3.578610696566998532e-06
3.579399963816502447e-06
3.577854145658339074e-06
3.578660714673474772e-06
3.577147961389502848e-06
3.577837489997515773e-06
3.576472453253750637e-06
3.577255602226333688e-06
3.575717549350780003e-06
3.576542489072700254e-06
3.575213990570372311e-06
3.575697680998777601e-06
3.574260372150579222e-06
3.574984071361038051e-06
3.573715237247852728e-06
3.574606775650736191e-06
3.573133867923749005e-06
3.573827203230127085e-06
3.572513606327160663e-06
3.573178153643320459e-06
3.571877925096956390e-06
3.572575307417645902e-06
3.571062260235434391e-06
3.571869843499167985e-06
3.570537239243376745e-06
3.571184373366319900e-06
3.569771350771640394e-06
3.570599482507535985e-06
3.569283023732174648e-06
3.570031965615364705e-06
3.568569965855683500e-06
3.569438537447577721e-06
3.567880176467661978e-06
3.568962474879791607e-06
3.567425373200250831e-06
3.568244893091934517e-06
3.567140969432041833e-06
3.567624355841401755e-06
3.566412118362779531e-06
3.567039199909031421e-06
3.565727332647996355e-06
3.566559560604922689e-06
3.565275507519981847e-06
3.566107089322519048e-06
3.564482863375542766e-06
3.565416825145039712e-06
3.564109749786374800e-06
3.564959630404214342e-06
3.563609400653435804e-06
3.564353842122883071e-06
3.562912341259700720e-06
3.563746127293470663e-06
3.562593963624947059e-06
3.563280065664172344e-06
3.561901705900485686e-06
3.562692009406602837e-06
3.561384875851185725e-06
3.562226747583221678e-06
3.560973668408755721e-06
3.561581940895345215e-06
3.560357722147643337e-06
3.561267813804163895e-06
3.559728700254056431e-06
3.560741771746022223e-06
3.559443738800064351e-06
3.560333611726875482e-06
3.558651174883937786e-06
3.559593954436483347e-06
3.558297926651718777e-06
3.559005608978567159e-06
3.557978604443054942e-06
3.558618320283692588e-06
3.557299411123222434e-06
3.558348219622995262e-06
3.556801826348734515e-06
3.557880364617070474e-06
3.556433577588263206e-06
3.557247942320073487e-06
3.555865384665571724e-06
3.556635418170635540e-06
3.555487501769787318e-06
3.556221565158540979e-06
3.555126402645072251e-06
3.555887227141317765e-06
3.554617721824986838e-06
3.555593735908910114e-06
3.554187827988176790e-06
3.554844125917715003e-06
3.553591212696682106e-06
3.554310700981360792e-06
3.553275251407942545e-06
3.554029126235413506e-06
3.552793005889193622e-06
3.553514972557864837e-06
3.552331599549287549e-06
3.553082252944911747e-06
3.551795335911259372e-06
3.552650808257146661e-06
3.551325090273068123e-06
3.552194869688280312e-06
3.550925469481641273e-06
3.551694816157342784e-06
3.550552069674770190e-06
3.551181218889120993e-06
3.549972037441909365e-06
3.550969655966709920e-06
3.549644079236572689e-06
3.550633357189140048e-06
3.549230768047312354e-06
3.550267848334827004e-06
3.548772207997269797e-06
3.549725576731197912e-06
3.548551273537350456e-06
3.549165012080239399e-06
3.547915354338150326e-06
3.548886245573122815e-06
3.547591385456888420e-06
3.548534701578656466e-06
3.547111225178847037e-06
3.547864204393389745e-06
3.546833325311726913e-06
3.547737440479015562e-06
3.546410063329377888e-06
3.547082598618792373e-06
3.546166217606127656e-06
3.546880447777877565e-06
3.545685150348071160e-06
3.546263025179380251e-06
3.545245334308566347e-06
3.546073011561087600e-06
3.544974354926180848e-06
3.545655692294139381e-06
3.544491419357605461e-06
3.545318310878221014e-06
3.543875908416502537e-06
3.544775264702815405e-06
3.543647876203877729e-06
3.544599310803905578e-06
3.543267567748211948e-06
3.544103866839952943e-06
3.542753635789174919e-06
3.543682347662836814e-06
3.542534635783127200e-06
3.543257900812231524e-06
3.542148676057955588e-06
3.542674759112344524e-06
3.541760174094591843e-06
3.542524378623095739e-06
3.541249210052334853e-06
3.542096425223541725e-06
3.541069290563459924e-06
3.541681014810555327e-06
3.540492363874814950e-06
3.541399604607848981e-06
3.540176434964916073e-06
3.541050269170244501e-06
3.539826957099633766e-06
3.540747661062679409e-06
3.539420645927489407e-06
3.540366687235880448e-06
3.539029511355774934e-06
3.539969176041214488e-06
3.538885550328534438e-06
3.539519038825159993e-06
3.538463384524904023e-06
3.539132420735898411e-06
3.538045944635543277e-06
3.539125258799489899e-06
3.537737066827571959e-06
3.538390408553816624e-06
3.537375646667294002e-06
3.538268985362741127e-06
3.537075728320615973e-06
3.537800762205874156e-06
3.536764722096577317e-06
3.537504676361900366e-06
3.536167547735463708e-06
3.537199852570662702e-06
3.536107092166753481e-06
3.536601471107891761e-06
3.535679044534808648e-06
3.536277448754863334e-06
3.535222456406038144e-06
3.536042663310742477e-06
3.534953747774837436e-06
3.535378605394396181e-06
3.534505419615554157e-06
3.535305540368323421e-06
3.534188402396534283e-06
3.534834279274934149e-06
3.533961999624034444e-06
3.534590035709542522e-06
3.533669235701685946e-06
3.534251183922789280e-06
3.533203392640126862e-06
3.534006656609343185e-06
3.532912189927729083e-06
3.533617478032623490e-06
3.532520795024378669e-06
3.533083531810792405e-06
3.532441014066321162e-06
3.533018812363030638e-06
3.531902538951794945e-06
3.532627793685397233e-06
3.531511293276856717e-06
3.532182294225381251e-06
3.531233254803757923e-06
3.531965237905636849e-06
3.530865845485742506e-06
3.531635464114037840e-06
3.530468746745749656e-06
3.531463407497968462e-06
3.530159965464434974e-06
3.530886450262364347e-06
3.529973880435057499e-06
3.530699248747535536e-06
3.529548665153055967e-06
3.530237346447207819e-06
3.529267291214474953e-06
3.530068397344450937e-06
3.528923571365378522e-06
3.529623071917209197e-06
3.528574235023071279e-06
3.529342210858269945e-06
3.528319908202401874e-06
3.529028135488062608e-06
3.527864563617999072e-06
3.528774301218378485e-06
3.527423721429873736e-06
3.528284572143608614e-06
3.527256701362186674e-06
3.527961986300388692e-06
3.526937110033640549e-06
3.527734390168325499e-06
3.526727139182418630e-06
3.527409365873860471e-06
3.526442711464635111e-06
3.527070765543443011e-06
3.526218831242762635e-06
3.526752478058702812e-06
3.525711686149226676e-06
3.526314878674301743e-06
3.525341859640626961e-06
3.526087004849660313e-06
3.525114557092897602e-06
3.525796085276861049e-06
3.524973660006307306e-06
3.525647596382846646e-06
3.524495478788558235e-06
3.525321964445110304e-06
3.524246878751490675e-06
3.524999019997290306e-06
3.523768216461064539e-06
3.524632490855310586e-06
3.523616354578490315e-06
3.524407962693340894e-06
3.523373831457356344e-06
3.524096908266054814e-06
3.522992424082132154e-06
3.523740699371032798e-06
3.522856797799731725e-06
3.523330333446597726e-06
3.522405218003444901e-06
3.523224377356551969e-06
3.522285249899840681e-06
3.522916287619456450e-06
3.522103337575377889e-06
3.522666309726323800e-06
3.521705295925971686e-06
3.522248029946610539e-06
3.521275839711726829e-06
3.521860681017553588e-06
3.521124566764486635e-06
3.521777265102401948e-06
3.520696647416808218e-06
3.521291617353158149e-06
3.520541583523613927e-06
3.521133985649717451e-06
3.520162013384532563e-06
3.520727689308551639e-06
3.519934863889114291e-06
3.520552907715104356e-06
3.519498422190931738e-06
3.520282696500559526e-06
3.519254989200594352e-06
3.519905472331736970e-06
3.519112846973512031e-06
3.519646938717225099e-06
3.518682226009402471e-06
3.519487647771014400e-06
3.518611112477013530e-06
3.518981482566717616e-06
3.518124073589157378e-06
3.518539406166361369e-06
3.517832176467766587e-06
3.518517048147052830e-06
3.517418799529988189e-06
3.518295647490152381e-06
3.517525464832441358e-06
3.518074278457566679e-06
3.517031068134358905e-06
3.517621386928214141e-06
3.516682091408053970e-06
3.517466377987186086e-06
3.516429195150421233e-06
3.517299395257225065e-06
3.516142815302032976e-06
3.516926050065177066e-06
3.515972931370778980e-06
3.516604138691974996e-06
3.515629575343166170e-06
3.516353918073976294e-06
3.515482341375925344e-06
3.515901332935412621e-06
3.514929113035439065e-06
3.515661159541999752e-06
3.514944534153329888e-06
3.515440502518548071e-06
3.514552033154974152e-06
3.515221779141413575e-06
3.514386060026978436e-06
3.514821509441908727e-06
3.513991661831117912e-06
3.514765327395283498e-06
3.513815520156105316e-06
3.514199423887004306e-06
3.513628333377276825e-06
3.514032806818927483e-06
3.513157816548601176e-06
3.513844030496191879e-06
3.512849554495891664e-06
3.513456548308622636e-06
3.512708540198513935e-06
3.513356171193594081e-06
3.512543094055674714e-06
3.513116747159291911e-06
3.511994936395878056e-06
3.512788962503230365e-06
3.511994642225538875e-06
3.512544380981684384e-06
3.511691398274275737e-06
3.512082940678205051e-06
3.511342599744693791e-06
3.512054300909962876e-06
3.511018727435546238e-06
3.511672352753528405e-06
3.510892982063072063e-06
3.511532783277440754e-06
3.510769218863663439e-06
3.511319158288766225e-06
3.510355654879508779e-06
3.510867800616469948e-06
3.510103417951659806e-06
3.510814390582145647e-06
3.509697762272614347e-06
3.510251318735959286e-06
3.509599192879533457e-06
3.510276751290491779e-06
3.509220712971018627e-06
3.510018373549518879e-06
3.509038070154068538e-06
3.509629833765285312e-06
3.508895260048889622e-06
3.509457724470436153e-06
3.508714842497992076e-06
3.509396744743784567e-06
3.508447963139712760e-06
3.508852199756718390e-06
3.508237386374080263e-06
3.508757236511295835e-06
3.507861786116586025e-06
3.508581987980606810e-06
3.507699934826584588e-06
3.508193549780069837e-06
3.507343410744070581e-06
3.507912761606971879e-06
3.507201028980824325e-06
3.507758336112094816e-06
3.507001903159378849e-06
3.507360616500771324e-06
3.506596301089758859e-06
3.507316993029007054e-06
3.506271982827048482e-06
3.506986790120249656e-06
3.506324502940055739e-06
3.506804928284322402e-06
3.505767154265632951e-06
3.506353702369117460e-06
3.505579208229565742e-06
3.506369467270299539e-06
3.505666797059202414e-06
3.506205951510123982e-06
3.505123360893882070e-06
3.505783618090956554e-06
3.505167635925096281e-06
3.505461646126796319e-06
3.504797719249513223e-06
3.505327787271121934e-06
3.504539544936961959e-06
3.505080955604600855e-06
3.504305957551054611e-06
3.504867435208011628e-06
3.504188460903054766e-06
3.504550099454555797e-06
3.503811970862646973e-06
3.504248327157293087e-06
3.503671105417555603e-06
3.503971763490058527e-06
3.503259631739723802e-06
3.503805561449703739e-06
3.503042578514294094e-06
3.503853609706981754e-06
3.502983037986703118e-06
3.503298612809274790e-06
3.502610372001754279e-06
3.503142463356692299e-06
3.502357685843392237e-06
3.502799137430575956e-06
3.502293054986082211e-06
3.502591259611009639e-06
3.502076009808725887e-06
3.502509338946315077e-06
3.501661406572780879e-06
3.502357011782727622e-06
3.501550530015114431e-06
3.502068782844267326e-06
3.501385124325610353e-06
3.501673920625993473e-06
3.500932319156891086e-06
3.501713398046976843e-06
3.500936672994124724e-06
3.501355951876208610e-06
3.500566431086351497e-06
3.501125898909988202e-06
3.500463065971799571e-06
3.500916504870175961e-06
3.500126052215220287e-06
3.500641235175967460e-06
3.500145820048866538e-06
3.500413032129692420e-06
3.499612281763722913e-06
3.500232425458505875e-06
3.499483896178876991e-06
3.500073227385470434e-06
3.499334728703327753e-06
3.499848239424652458e-06
3.499018362443964896e-06
3.499687904442580101e-06
3.498803873134220242e-06
3.499367274963149715e-06
3.498858657501394301e-06
3.499096468002590635e-06
3.498292158553880099e-06
3.498999139839067269e-06
3.497978250110444088e-06
3.498576401511394553e-06
3.498123058919835444e-06
3.498674027525855389e-06
3.497545256265758094e-06
3.498369430746847692e-06
3.497565864162095877e-06
3.498047825190004695e-06
3.497350689791135467e-06
3.497964628415123035e-06
3.497039476356170351e-06
3.497440379349166682e-06
3.497081384250701175e-06
3.497622877285342168e-06
3.496505802598011169e-06
3.497367290692506502e-06
3.496531511401594796e-06
3.496990406134630241e-06
3.496297502203992564e-06
3.496579512141442555e-06
3.496033518860389282e-06
3.496550892346419812e-06
3.496016121964593072e-06
3.496445606353734664e-06
3.495668316705976650e-06
3.496223396162135486e-06
3.495633099332298159e-06
3.496008540113471207e-06
3.495434842848080722e-06
3.495813034719995907e-06
3.495192078614721317e-06
3.495475970793012683e-06
3.494967584813413083e-06
3.495384368150986659e-06
3.494738650956880407e-06
3.495099628668592464e-06
3.494399705461937509e-06
3.495110218878231087e-06
3.494186287798578276e-06
3.494633043298338636e-06
3.493931143612684464e-06
3.494513240025310108e-06
3.494000362708317501e-06
3.494328344422135444e-06
3.493615263656835392e-06
3.494233196641954064e-06
3.493600595972409954e-06
3.494083211685766251e-06
3.493297618881414135e-06
3.493559560178708436e-06
3.493025203072076046e-06
3.493519871354888455e-06
3.492917940177302112e-06
3.493290796846247050e-06
3.492800655165279192e-06
3.493359200438209635e-06
3.492378133066958794e-06
3.492794799262740854e-06
3.492156579069990262e-06
3.492727960731652052e-06
3.492081308076202842e-06
3.492561961304615707e-06
3.491781570496624762e-06
3.492512472500346966e-06
3.491745206396027544e-06
3.492176375758578309e-06
3.491443807211158459e-06
3.491897592949411835e-06
3.491347174984175368e-06
3.491673409370661574e-06
3.491180126096011435e-06
3.491597459454504696e-06
3.490836542512336659e-06
3.491340278089386252e-06
3.490837770513595146e-06
3.491170759981611283e-06
3.490560478232684692e-06
3.490884985058050940e-06
3.490141494862937060e-06
3.490589782234064083e-06
3.490302922200925186e-06
3.490756190537121169e-06
3.489855354731078238e-06
3.490411764206282988e-06
3.489766997444173549e-06
3.489998131914575500e-06
3.489667413758614221e-06
3.489944772352553775e-06
3.489246832701715164e-06
3.489662598931877990e-06
3.489196243592901477e-06
3.489638352426765490e-06
3.488966812368947081e-06
3.489582643203098009e-06
3.488840699618871805e-06
3.489352552075594131e-06
3.488769074789680983e-06
3.489180657175521335e-06
3.488562723703855927e-06
3.489151558960608438e-06
3.488318312091411010e-06
3.488788283267830031e-06
3.488058576791950166e-06
3.488592377275561549e-06
3.487915980841775033e-06
3.488409920608270785e-06
3.487855603147671814e-06
3.488117447050896072e-06
3.487664978801144821e-06
3.488014156409968603e-06
3.487575299588846022e-06
3.487836823612230907e-06
3.487371737970789676e-06
3.487752760134289913e-06
3.487085437940974874e-06
3.487542942711687867e-06
3.486780449062475383e-06
3.487358521468565546e-06
3.486744888355919640e-06
3.487363330340489057e-06
3.486677886629194753e-06
3.486822697210102579e-06
3.486277417066193621e-06
3.486767999474889314e-06
3.486204456400269906e-06
3.486496016349949908e-06
3.486042136156269233e-06
3.486506734432450198e-06
3.485978210679456905e-06
3.486219202127574341e-06
3.485608924201174881e-06
3.486096514987786340e-06
3.485806995929894589e-06
3.486020792648386560e-06
3.485301583263490595e-06
3.485877146773310429e-06
3.485102939771889332e-06
3.485518593456475291e-06
3.484887814512102916e-06
3.485569972928305812e-06
3.484802749611632528e-06
3.485298400552363765e-06
3.484737192404820855e-06
3.484904692644385772e-06
3.484481505530409899e-06
3.484942218116217495e-06
3.484262134188375791e-06
3.484669093011683417e-06
3.484276351756610182e-06
3.484579549277101208e-06
3.484176479460900214e-06
3.484420400822653153e-06
3.483690342862443552e-06
3.484272591774503667e-06
3.483736293242627544e-06
3.484017409371458633e-06
3.483544981027836666e-06
3.483839515206754265e-06
3.483351440197170638e-06
3.483743560659508147e-06
3.483142962408501906e-06
3.483463731212858977e-06
3.483166429263339199e-06
3.483419641812019108e-06
3.482870698539326149e-06
3.483229030620489345e-06
3.482635568157801152e-06
3.483185139434446527e-06
3.482341978807583356e-06
3.482857624649467334e-06
3.482281623102781978e-06
3.482664872222395458e-06
3.482206724425743031e-06
3.482390767861260103e-06
3.482064031134192622e-06
3.482374377277886539e-06
3.482108131851162696e-06
3.482128255825105577e-06
3.481622156363023660e-06
3.481862873134672697e-06
3.481582734634307494e-06
3.481970894045929889e-06
3.481439785395595766e-06
3.481867590786747524e-06
3.481464914848038831e-06
3.481592193214635393e-06
3.480888407134177617e-06
3.481523804111320449e-06
3.481043262638462329e-06
3.481100297574817021e-06
3.480606557695550569e-06
3.481058676016865729e-06
3.480641003169551382e-06
3.480896142598115986e-06
3.480401091062981556e-06
3.480914861089982862e-06
3.480350318867730775e-06
3.480555560792213736e-06
3.480199171444130508e-06
3.480466357472874569e-06
3.479945952243047802e-06
3.480482572927649157e-06
3.479746859082239014e-06
3.480099766927532562e-06
3.479852618568433001e-06
3.480130689860209160e-06
3.479666254459224941e-06
3.479711767503323415e-06
3.479351566326529031e-06
3.479499537498010702e-06
3.479158296878071616e-06
3.479559586087504265e-06
3.479004547788309994e-06
3.479477874172031005e-06
3.478981136107213016e-06
3.479182845988905037e-06
3.478935801374292859e-06
3.479122612235748897e-06
3.478797911318452825e-06
3.479076903731232993e-06
3.478401881258162050e-06
3.478620728480741435e-06
3.478450073380050418e-06
3.478591235875256193e-06
3.478105210307629075e-06
3.478456049434910280e-06
3.478017222050500097e-06
3.478225552613773146e-06
3.477968580473700997e-06
3.478318516541677620e-06
3.477854413734810291e-06
3.478140335625384422e-06
3.477553017076280498e-06
3.478138361708385008e-06
3.477422523017563665e-06
3.477913359253230295e-06
3.477547549895916659e-06
3.477733791050634823e-06
3.477341478410638657e-06
3.477599119332622048e-06
3.477046240428247936e-06
3.477404423956420476e-06
3.477015869830183542e-06
3.477131352031288486e-06
3.476603872678821474e-06
3.477183626213609040e-06
3.476586461620734336e-06
3.476772845682692429e-06
3.476477902264956748e-06
3.476751222247180506e-06
3.476398447853549018e-06
3.476761799458958794e-06
3.476381219608634710e-06
3.476726331270692258e-06
3.476002297683315049e-06
3.476498858188069235e-06
3.475797446723167172e-06
3.476413207434918409e-06
3.475878571427361498e-06
3.476112347902397621e-06
3.475521699613114268e-06
3.476047826559698940e-06
3.475453596324001356e-06
3.475701783882272731e-06
3.475342048965777286e-06
3.475442855308799338e-06
3.475336787097440270e-06
3.475811599443555232e-06
3.475354178749938212e-06
3.475338070761914848e-06
3.474915588665921395e-06
3.475414299450300602e-06
3.474819378860276681e-06
3.475012012883602886e-06
3.474530833847712137e-06
3.474929105618121854e-06
3.474580124365449032e-06
3.474721924653629775e-06
3.474587439114749261e-06
3.474707392990075298e-06
3.474109860915069274e-06
3.474539235150447941e-06
3.474136785885146297e-06
3.474531156156623892e-06
3.474127749107776983e-06
3.474360355107998403e-06
3.473867584628144428e-06
3.474191304238755640e-06
3.473806791102593327e-06
3.474224212688879055e-06
3.473622084509411267e-06
3.473990917413082813e-06
3.473638459035037878e-06
3.473889786463943985e-06
3.473314741544146099e-06
3.473686326288288972e-06
3.473035822386846473e-06
3.473574883822700787e-06
3.473017322894102548e-06
3.473503326178145709e-06
3.473045472224451264e-06
3.473192055773134965e-06
3.472903852042186714e-06
3.473318197485571484e-06
3.472571421096523632e-06
3.473043072200052667e-06
3.472731738857929550e-06
3.472724214123915597e-06
3.472461973348460689e-06
3.472882278962648403e-06
3.472350355373943452e-06
3.472619094475736503e-06
3.472252529407516705e-06
3.472606677649825447e-06
3.472120521573578500e-06
3.472324229768526435e-06
3.471899984879327033e-06
3.472191690754440078e-06
3.471920443186881616e-06
3.472204634480792899e-06
3.471542877320101933e-06
3.472060585566877893e-06
3.471519936984756301e-06
3.472007799867036883e-06
3.471389326061677499e-06
3.471677958157074240e-06
3.471239782934407787e-06
3.471632048577873547e-06
3.471332450983388195e-06
3.471435122133081636e-06
3.471182588954894390e-06
3.471345538307256046e-06
3.470906735527164147e-06
3.471425307506481577e-06
3.471117010910711378e-06
3.471059640278530504e-06
3.470646141900108716e-06
3.471028973722694711e-06
3.470654415028058807e-06
3.470906435443625282e-06
3.470589793691871328e-06
3.470721520159015825e-06
3.470376485267913542e-06
3.470649624979200876e-06
3.470317400450286163e-06
3.470573084054687463e-06
3.470127508289012166e-06
3.470399942815712053e-06
3.470069874918931449e-06
3.470248067862725733e-06
3.469944152977822121e-06
3.470272332499777868e-06
3.469926833088053994e-06
3.470117823300916492e-06
3.469684629495870916e-06
3.470201088169332859e-06
3.469579648681131873e-06
3.469988056159095764e-06
3.469472145200375017e-06
3.469622181186217744e-06
3.469308244373479502e-06
3.469783450729922708e-06
3.469209149170704043e-06
3.469479688141261374e-06
3.469085360099243674e-06
3.469391144096559467e-06
3.469142989265046288e-06
3.469233585404934614e-06
3.468805139149411364e-06
3.469072194378074948e-06
3.468867817791583611e-06
3.469165810784976378e-06
3.468569093969559792e-06
3.469068631958771612e-06
3.468516336645738832e-06
3.468855461361844905e-06
3.468686788882606493e-06
3.468879482922936255e-06
3.468436500048882652e-06
3.468507386083890800e-06
3.468367161444350837e-06
3.468470651416705337e-06
3.467943044688361806e-06
3.468534854939697851e-06
3.468009090397049047e-06
3.468139972509081660e-06
3.467881892102389590e-06
3.468190144535800354e-06
3.467756889322159520e-06
3.467949434168206595e-06
3.467792662060423439e-06
3.467987677977965352e-06
3.467481175517793198e-06
3.467830245289020757e-06
3.467516052657007077e-06
3.467654302311475925e-06
3.467292153956650494e-06
3.467692513939648067e-06
3.467314059620814267e-06
3.467408191954640648e-06
3.466960314878917641e-06
3.467273228803126261e-06
3.466989128238794216e-06
3.467233173399137993e-06
3.467028422040601237e-06
3.467166703270488585e-06
3.466865062617633451e-06
3.466950535381133738e-06
3.466787455042349439e-06
3.466821535442329367e-06
3.466736200627374658e-06
3.466856700043477198e-06
3.466589643909941869e-06
3.466890830156790653e-06
3.466396183136786704e-06
3.466669495910367904e-06
3.466401944720660107e-06
3.466472961136062964e-06
3.466168930273360089e-06
3.466250254682001204e-06
3.466135490338165978e-06
3.466449090199678649e-06
3.466193469638709722e-06
3.466179047617804937e-06
3.465695723653976736e-06
3.466037467485265178e-06
3.465863918639000714e-06
3.466142934161619223e-06
3.465810580317681583e-06
3.465893116587152805e-06
3.465494753159582305e-06
3.465859196083129437e-06
3.465553290181188900e-06
3.465734222535993940e-06
3.465292410781665175e-06
3.465711471515488917e-06
3.465364534309932941e-06
3.465653248281061563e-06
3.465148691938109522e-06
3.465420987614757347e-06
3.464996167399757660e-06
3.465323561598580724e-06
3.464987735018640174e-06
3.465284838110192149e-06
3.465000590356617058e-06
3.465220070899438921e-06
3.464781189906925911e-06
3.464967789763876980e-06
3.464691227767574151e-06
3.464897778219148014e-06
3.464600256996675204e-06
3.464764361921895891e-06
3.464331034454864890e-06
3.464724923369782327e-06
3.464227702238056618e-06
3.464594482867202849e-06
3.464211528341417917e-06
3.464415142102316817e-06
3.464213014907988188e-06
3.464290663343089137e-06
3.463965014369970154e-06
3.464476318636627311e-06
3.464021157158349613e-06
3.464271657737037262e-06
3.463903942959425425e-06
3.464231930770588440e-06
3.463713687168897700e-06
3.464100696146706940e-06
3.463786397708991858e-06
3.463938317457802637e-06
3.463649946655163770e-06
3.463878313968516941e-06
3.463360305880705954e-06
3.463838453116109396e-06
3.463390385169015590e-06
3.463791129593122210e-06
3.463250816412401536e-06
3.463329590096591321e-06
3.463204535454186453e-06
3.463628379421183211e-06
3.463194581975211768e-06
3.463361149215609851e-06
3.463120776885216676e-06
3.463188323523608910e-06
3.463140298216138452e-06
3.463055431702680465e-06
3.462792255067057138e-06
3.463085358657006153e-06
3.462705327898842410e-06
3.462839870982698517e-06
3.462649137644174426e-06
3.462987678231131266e-06
3.462702384708094632e-06
3.462707509645222615e-06
3.462330771332674518e-06
3.462675734160295656e-06
3.462512392113440524e-06
3.462773081611678262e-06
3.462449219782087977e-06
3.462618565912110067e-06
3.462291319682780801e-06
3.462447816429109330e-06
3.462182960460232480e-06
3.462236305675829750e-06
3.462163146236668633e-06
3.462218000747036195e-06
3.461950287309949932e-06
3.462052346281096349e-06
3.461850217131973225e-06
3.461963616242243588e-06
3.461804278714682457e-06
3.461936779938409966e-06
3.461729851301828125e-06
3.461959848588935328e-06
3.461675831918270883e-06
3.461758587063044933e-06
3.461563321093289097e-06
3.461711750926224058e-06
3.461549943315123602e-06
3.461828584614848056e-06
3.461357419192429608e-06
3.461639349041525725e-06
3.461390968287561192e-06
3.461483647056240332e-06
3.461079265111244914e-06
3.461480886330608958e-06
3.461159717557472918e-06
3.461188536483662082e-06
3.461081143860501284e-06
3.461191920676988028e-06
3.460883786770417574e-06
3.461138596457269914e-06
3.460867795462642979e-06
3.461145812314648118e-06
3.460946461569213398e-06
3.461180595085377548e-06
3.460820292687902022e-06
3.461075700691071880e-06
3.460664243774840071e-06
3.460781986607412463e-06
3.460587988580074845e-06
3.460811597988869462e-06
3.460516630294018819e-06
3.460624580381552945e-06
3.460412907699319148e-06
3.460475678473366712e-06
3.460073097905746992e-06
3.460269511310969698e-06
3.460210913940998563e-06
3.460376086858493948e-06
3.460207337243808442e-06
3.460158192580919642e-06
3.459988607410130578e-06
3.460083092337564431e-06
3.460086932939553665e-06
3.460067566200248751e-06
3.460010480856600415e-06
3.460252281107605948e-06
3.459990085368622643e-06
3.459967066089809715e-06
3.459536071949834963e-06
3.459779444474511109e-06
3.459794240703707523e-06
3.459812930834815341e-06
3.459697529320712429e-06
3.459597682459347812e-06
3.459527203302783972e-06
3.459855665519701840e-06
3.459231521728290520e-06
3.459604971604345953e-06
3.459296200964089347e-06
3.459538086509793515e-06
3.459235037164760396e-06
3.459523377202807712e-06
3.459272329498459365e-06
3.459221071579169097e-06
3.459018633294534933e-06
3.459321488110493841e-06
3.459264688516668373e-06
3.459138286103424225e-06
3.458964181203827703e-06
3.459158135993825581e-06
3.458891090626245030e-06
3.458971415609771403e-06
3.458866204098606755e-06
3.458897750472439959e-06
3.458779475408874669e-06
3.458832120472987298e-06
3.458642644028746513e-06
3.458672222176109003e-06
3.458502238724001701e-06
3.458896594538387021e-06
3.458559504799232200e-06
3.458505054077216710e-06
3.458519554478374561e-06
3.458475183342436236e-06
3.458423580598612356e-06
3.458555339467626668e-06
3.458279048132288556e-06
3.458313994544560167e-06
3.458168472469257277e-06
3.458234809183470028e-06
3.458048636443670353e-06
3.458426524443051882e-06
3.458197281290238771e-06
3.458109007998103535e-06
3.457909257724786165e-06
3.457800933506270801e-06
3.457900736907686102e-06
3.457815984299928563e-06
3.457895970081934721e-06
3.457948271279820556e-06
3.457929926472945814e-06
3.458114487668827073e-06
3.457685778128005973e-06
3.457713511193475389e-06
3.457651120535882258e-06
3.457929582239765289e-06
3.457413680479143876e-06
3.457684970969880947e-06
3.457746749696776941e-06
3.457437295925390698e-06
3.457414620323603661e-06
3.457760247164285491e-06
3.457454959484053200e-06
3.457410121115971837e-06
3.457012450725039190e-06
3.457514829506730515e-06
3.457069274379766414e-06
3.457322154521777824e-06
3.457379368888772445e-06
3.457195315170064059e-06
3.457014292987210827e-06
3.457212327729085353e-06
3.456932990589225254e-06
3.457345945016739945e-06
3.456887157650388522e-06
3.457269448977816155e-06
3.456833447856925421e-06
3.457021648894180778e-06
3.456953207475227711e-06
3.456744469684903358e-06
3.456603406554684121e-06
3.456643489366460511e-06
3.456674412235415244e-06
3.456781248247531656e-06
3.456590348446328979e-06
3.456628985156233190e-06
3.456594135217304690e-06
3.456648505048749025e-06
3.456394100485945177e-06
3.456598079452158881e-06
3.456168498772600260e-06
3.456458738912086239e-06
3.456409264519643062e-06
3.456412602686116838e-06
3.456280657708563685e-06
3.456458929429539144e-06
3.456293173049201137e-06
3.456492762223253391e-06
3.456279691250860634e-06
3.456193158967518727e-06
3.456110436551709817e-06
3.456077491400536912e-06
3.455975151426624866e-06
3.456197565485689115e-06
3.455837274704041840e-06
3.456063405285798190e-06
3.455838133727695492e-06
3.456163480756228604e-06
3.455862674376740074e-06
3.456002225479185121e-06
3.455668487063133115e-06
3.455948253281033080e-06
3.455606491356970536e-06
3.455807883937750940e-06
3.455500857628292013e-06
3.455809462819377990e-06
3.455346413918262375e-06
3.455592027411533481e-06
3.455578156357656232e-06
3.455575402984080258e-06
3.455263639316316517e-06
3.455358911664262837e-06
3.455531275700174209e-06
3.455422946729116644e-06
3.455151085060831667e-06
3.455365134726123581e-06
3.454992449123318243e-06
3.455336650042189381e-06
3.455109165628021847e-06
3.455235474138380734e-06
3.454997682411069553e-06
3.455314431643373743e-06
3.454961416187755616e-06
3.455008653362762933e-06
3.454846511132736197e-06
3.455071602246219636e-06
3.454993837041590951e-06
3.455031984599963534e-06
3.454671739557980637e-06
3.454964622361075904e-06
3.454693123603990263e-06
3.454900071806472027e-06
3.454617491603770966e-06
3.454639105752209097e-06
3.454546664089866380e-06
3.454807507954298407e-06
3.454602436482946290e-06
3.454819107608092476e-06
3.454578314640664202e-06
3.454690887101730578e-06
3.454420487724247268e-06
3.454610011331606546e-06
3.454536960226350443e-06
3.454734503053549471e-06
3.454354309818994118e-06
3.454531922784914610e-06
3.454308981338880917e-06
3.454338112009634451e-06
3.454401152012059909e-06
3.454138695164976147e-06
3.453891121186689830e-06
3.454248900915863094e-06
3.454201826098680986e-06
3.454373904663118068e-06
3.454033373669270086e-06
3.454181049317201634e-06
3.453917848996011673e-06
3.454140335025364385e-06
3.454081506831246934e-06
3.454219585168518158e-06
3.453982941384461204e-06
3.454080485692407436e-06
3.453631408294172705e-06
3.453881679854769545e-06
3.453834504214139760e-06
3.453952053752110112e-06
3.453865179971733646e-06
3.453854691762874874e-06
3.453642601617454103e-06
3.453867049839589102e-06
3.453603009228649415e-06
3.453651302861645348e-06
3.453681168319972567e-06
3.453803453883382522e-06
3.453449576993853503e-06
3.453770841245550480e-06
3.453411292842784369e-06
3.453554370334450670e-06
3.453339992233852088e-06
3.453466157190795868e-06
3.453400860531200609e-06
3.453568092878330962e-06
3.453155366581853942e-06
3.453457385702979694e-06
3.453091270448860878e-06
3.453143426046993603e-06
3.453250421923747954e-06
3.453345276635903162e-06
3.453072548921680659e-06
3.453415508651257137e-06
3.453183976925976979e-06
3.453164502710684795e-06
3.452928910804103683e-06
3.453256021065273271e-06
3.452908248670529774e-06
3.453082137803948111e-06
3.452862785296791882e-06
3.453207460343775297e-06
3.452768894057711139e-06
3.452968933757943375e-06
3.452782968619849233e-06
3.452682423184891489e-06
3.452697249744448860e-06
3.452904398457041695e-06
3.452706686406114924e-06
3.452599548614270240e-06
3.452816752970510440e-06
3.452647714753548736e-06
3.452579937014324333e-06
3.452828573169492981e-06
3.452559636849206325e-06
3.452479110905625826e-06
3.452762545456803786e-06
3.452787153320992968e-06
3.452564916508056277e-06
3.452739694512541954e-06
3.452440729068869722e-06
3.452518958530032912e-06
3.452417293645060609e-06
3.452378951832867758e-06
3.452160982423126712e-06
3.452392785529772684e-06
3.452243572030495134e-06
3.452460511861137727e-06
3.452038107616248658e-06
3.452161395069898848e-06
3.452110591880580891e-06
3.452216410522385738e-06
3.452140639115491337e-06
3.452338610147517613e-06
3.451918401916571473e-06
3.452271896345697947e-06
3.451733677443500102e-06
3.452112139785918293e-06
3.451866111487703287e-06
3.451890584629628471e-06
3.451817872616670649e-06
3.452007078245217938e-06
3.451720005192639392e-06
3.451956793852368846e-06
3.451758342752982651e-06
3.452163063981280162e-06
3.451645968845972468e-06
3.451915237563011831e-06
3.451761778687097223e-06
3.451831480249718000e-06
3.451761321827039913e-06
3.451721251857141894e-06
3.451606869940451734e-06
3.451639293490793587e-06
3.451630833088618336e-06
3.451617014662350762e-06
3.451406188996682178e-06
3.451640256905470212e-06
3.451459121791357212e-06
3.451648263845771682e-06
3.451420683399409771e-06
3.451344863681470298e-06
3.451391711489185883e-06
3.451629822302919828e-06
3.451386712096795300e-06
3.451310215534069723e-06
3.451116213581223132e-06
3.451484817934992862e-06
3.451070668863410527e-06
3.451295276254367922e-06
3.451100008918656685e-06
3.451369315138479164e-06
3.451115166244999664e-06
3.451388234411699084e-06
3.450928261672364791e-06
3.451223727751308778e-06
3.450990741956776496e-06
3.450900341774482177e-06
3.451038784652387900e-06
3.451135801510046858e-06
3.450842009205677266e-06
3.451141297879044511e-06
3.450840044440546127e-06
3.451028505556361769e-06
3.450786859083471219e-06
3.451027010537814688e-06
3.450722872417047909e-06
3.450974549054287164e-06
3.450712562234835110e-06
3.450893197532832491e-06
3.450724871862341334e-06
3.450958791042421727e-06
3.450705166109228023e-06
3.450835176464287319e-06
3.450845715149374665e-06
3.450759990251721232e-06
3.450527884564861042e-06
3.450554197955798141e-06
3.450400341788659989e-06
3.450754307415107567e-06
3.450428709668808205e-06
3.450691844671301043e-06
3.450572866008149391e-06
3.450414417998259800e-06
3.450644300907170825e-06
3.450377808939961355e-06
3.450282075051711480e-06
3.450350656340864031e-06
3.450488687581004864e-06
3.450242273822661636e-06
3.450353037423278703e-06
3.450421447784340238e-06
3.450287317134772970e-06
3.450264110133424060e-06
3.450216371161463755e-06
3.450314316839427938e-06
3.450206373726319901e-06
3.450421955625873227e-06
3.450153720425132039e-06
3.450277680723045698e-06
3.450086327479703838e-06
3.450284443791937080e-06
3.450015540252327773e-06
3.450068195690128716e-06
3.449817115353981766e-06
3.449918093577007826e-06
3.449815774378974644e-06
3.449971035813949181e-06
3.449793687435034067e-06
3.449819059823941755e-06
3.450084814422270468e-06
3.450036211056410874e-06
3.449819448130658452e-06
3.449943827182484407e-06
3.449738727716243609e-06
3.449847464800448045e-06
3.449619699720023284e-06
3.449749219911933151e-06
3.449329942037008284e-06
3.449730524212097006e-06
3.449546916619847810e-06
3.449586203940233258e-06
3.449505449011707621e-06
3.449663681223680278e-06
3.449367714780634401e-06
3.449568530498470372e-06
3.449382862360591501e-06
3.449674698563078805e-06
3.449318716000942616e-06
3.449575329699749746e-06
3.449325636863855851e-06
3.449584407578541557e-06
3.449237555069254167e-06
3.449401694309620573e-06
3.449229585763493906e-06
3.449351737319743193e-06
3.449251623896496823e-06
3.449443901366210743e-06
3.449256709694130938e-06
3.449380683314148721e-06
3.449037189844186116e-06
3.449217337128655033e-06
3.449109265412160495e-06
3.449176422490942589e-06
3.448953154096037478e-06
3.449358333648455714e-06
3.449062309276801163e-06
3.449181848316809545e-06
3.448884426397649535e-06
3.449204887467828991e-06
3.449039197326208612e-06
3.449102760025823911e-06
3.449077337970979695e-06
3.449117923918789390e-06
3.448661591749403737e-06
3.448971349942072660e-06
3.449022747233909805e-06
3.448937664111663892e-06
3.448814300448259270e-06
3.449031899051558599e-06
3.448914966702213606e-06
3.448756828393798330e-06
3.448747651846688063e-06
3.448823681334906822e-06
3.448623141185590727e-06
3.448925769884830004e-06
3.448831922654110060e-06
3.448735538835641271e-06
3.448487545863585373e-06
3.448812812409170501e-06
3.448537371627554251e-06
3.448583673796040998e-06
3.448607642735398542e-06
3.448837460454196704e-06
3.448566346429040401e-06
3.448649658864151732e-06
3.448442968211925844e-06
3.448512227253117677e-06
3.448448933737174719e-06
3.448487070741764960e-06
3.448397502442970629e-06
3.448526515821271963e-06
3.448463948791001484e-06
3.448445847672361481e-06
3.448349400244115033e-06
3.448549910230528584e-06
3.448304953911096750e-06
3.448339879627699282e-06
3.448067869036805577e-06
3.448345175965178114e-06
3.447986485156004683e-06
3.448326875315403155e-06
3.448307005712262786e-06
3.448399543038457015e-06
3.448018063316516144e-06
3.448332225473675633e-06
3.448140579808394686e-06
3.448263598285136665e-06
3.447925007804424892e-06
3.448156434608798594e-06
3.448042921560286472e-06
3.448141338133998383e-06
3.447951946009737305e-06
3.447927355119886369e-06
3.447911695187651067e-06
3.447961575177845911e-06
3.447931646360980322e-06
3.447964542523386930e-06
3.447759195258243983e-06
3.447801797203629583e-06
3.447851411732063984e-06
3.448108408028615816e-06
3.448059048697179016e-06
3.448041670603231481e-06
3.447764038652058709e-06
3.447867733240660488e-06
3.447957559100719158e-06
3.448012728135171495e-06
3.447950523026402069e-06
3.447771570621941399e-06
3.447757192078188747e-06
3.447670376121498136e-06
3.447559600998703746e-06
3.447654023265625529e-06
3.447493629388410026e-06
3.447832194307286555e-06
3.447507959199847041e-06
3.447559340162085396e-06
3.447494234995128262e-06
3.447636560030839505e-06
3.447516074730472421e-06
3.447598410817153632e-06
3.447591420383884264e-06
3.447568216998784552e-06
3.447563321577286906e-06
3.447729785102016209e-06
3.447385522050052040e-06
3.447491269942861609e-06
3.447320244352448046e-06
3.447298438975682492e-06
3.447375867416135467e-06
3.447546615591650641e-06
3.447042935371416100e-06
3.447580863838573595e-06
3.447212960555387439e-06
3.447274565429140739e-06
3.447363006412030362e-06
3.447492700715624907e-06
3.447090613809083474e-06
3.447404385623937536e-06
3.447259108216053871e-06
3.447386808308442200e-06
3.447269847580642784e-06
3.447221177152201929e-06
3.447037751586725775e-06
3.447272577461057353e-06
