6.637144778296738133e-05
6.643761476768444637e-05
6.650390676501162490e-05
6.656855744307479028e-05
6.663193067564744849e-05
6.669505543735906015e-05
6.675124980892411456e-05
6.680401632024698564e-05
6.685333291819109413e-05
6.690135056752558593e-05
6.694764766032049663e-05
6.699437927371024626e-05
6.703410840117458814e-05
6.707887599573026966e-05
6.711698614269686540e-05
6.715694237081662704e-05
6.719303347163974472e-05
6.723313637959648400e-05
6.726795180338987924e-05
6.730426144472835244e-05
6.733811300767648391e-05
6.737345825460158992e-05
6.739990125511546913e-05
6.743715680149869050e-05
6.746766657415317024e-05
6.750505422852536854e-05
6.753171764203096616e-05
6.756743988407153600e-05
6.759637656797676014e-05
6.763222565773366140e-05
6.765799491918041370e-05
6.769465502629841240e-05
6.771653920342531768e-05
6.775513695985318520e-05
6.777929507600711546e-05
6.781802147201080829e-05
6.784409116955710233e-05
6.788294855774662994e-05
6.790913878731629166e-05
6.794812788313445509e-05
6.797473917675811537e-05
6.801273087638328493e-05
6.803579761431908330e-05
6.807756812143244513e-05
6.810255787380333869e-05
6.814264089470007519e-05
6.816811402492633013e-05
6.820977796914641685e-05
6.823720071909186420e-05
6.827900339094856118e-05
6.830539613285898195e-05
6.834803830969058780e-05
6.837600687588184624e-05
6.841730838590189012e-05
6.844538928898403671e-05
6.848645668866983982e-05
6.851687677272976927e-05
6.855992642127474175e-05
6.858823672176012879e-05
6.863367434319478757e-05
6.866279151464056067e-05
6.870496602519147880e-05
6.873791528319544281e-05
6.878024404494476377e-05
6.881146300180244091e-05
6.885577645986968437e-05
6.888750792160667645e-05
6.893198105565264441e-05
6.896530857968666598e-05
6.901179409220927288e-05
6.904221024419929557e-05
6.908766826065027792e-05
6.912008593231604766e-05
6.916569198554005555e-05
6.920009400390371597e-05
6.924397685522278424e-05
6.928040963001155220e-05
6.932631734449110550e-05
6.936287375064116611e-05
6.940705488336110186e-05
6.944295120717700661e-05
6.948757003514780819e-05
6.952509802923790769e-05
6.956877739780600910e-05
6.960792944828936919e-05
6.965135634326500950e-05
6.969145046832851285e-05
6.973691927506433922e-05
6.977445831987676053e-05
6.982239163550730523e-05
6.986116099158348205e-05
6.990533173163248173e-05
6.994654487911959096e-05
6.999086411956274172e-05
7.003222193701944486e-05
7.007477074136617655e-05
7.011819367780526113e-05
7.016472190030151443e-05
7.020638629314368410e-05
7.025114393710965631e-05
7.029364052369918374e-05
7.033965829301919495e-05
7.037997369368290395e-05
7.042806210971323019e-05
7.046852088490881765e-05
7.051484337396086066e-05
7.055736900822228938e-05
7.060384583176302991e-05
7.064651960033311120e-05
7.069508083531260531e-05
7.073472654302873303e-05
7.078262548272548334e-05
7.082239746912871660e-05
7.087196880519404710e-05
7.091578403587228490e-05
7.096356426516855749e-05
7.100599530381079307e-05
7.105198954864080398e-05
7.109806111027942356e-05
7.114615572960810927e-05
7.118761850045223752e-05
7.123656330207624231e-05
7.127969701381768207e-05
7.132530511813323212e-05
7.136859740619668087e-05
7.141785428108738234e-05
7.146367759283694552e-05
7.151112310583367343e-05
7.155711431301199762e-05
7.160470280809172678e-05
7.164760065720420532e-05
7.169801339237574019e-05
7.174103051046590166e-05
7.178766554237656311e-05
7.183281027204974566e-05
7.188001439265028934e-05
7.192686410128427531e-05
7.197423693868026343e-05
7.201968407808050727e-05
7.206874175185976506e-05
7.211503101012202476e-05
7.216338998776417567e-05
7.220983070752030853e-05
7.225634662674100311e-05
7.230293792822467015e-05
7.234960479536300937e-05
7.239634741214302880e-05
7.244316596315070395e-05
7.249205298913651257e-05
7.253859906158637743e-05
7.258475150547406970e-05
7.263256134827209725e-05
7.267843475285358827e-05
7.272883896421071059e-05
7.277284689523830523e-05
7.282096018834056440e-05
7.286913647407385953e-05
7.291584265803462020e-05
7.296618081624760060e-05
7.301460370971323173e-05
7.306018368387818846e-05
7.310786293784972043e-05
7.315515482775848352e-05
7.320298453173705523e-05
7.324840798419220709e-05
7.329840678052082265e-05
7.334644974797825169e-05
7.339413111189675286e-05
7.344030196607656189e-05
7.349061231173316649e-05
7.353759909706745774e-05
7.358467317792137107e-05
7.363385128948849118e-05
7.368310608922078815e-05
7.372630786368873038e-05
7.377821867142288540e-05
7.382565085129284214e-05
7.387317143361338766e-05
7.392076640983727008e-05
7.396842172752442386e-05
7.401728835223333255e-05
7.406372427687407016e-05
7.411272549868473994e-05
7.416183104946838783e-05
7.420435748328079372e-05
7.425566105372709779e-05
7.430244532953805131e-05
7.434978102090275271e-05
7.440130231847462438e-05
7.444832191590931023e-05
7.449653905323625185e-05
7.454323639259346904e-05
7.459158485696738546e-05
7.463795732034412861e-05
7.468853132803996982e-05
7.473504825588449935e-05
7.478210712882661919e-05
7.482875225996156682e-05
7.487962664289435279e-05
7.492643198233431029e-05
7.497443646204364877e-05
7.502043667487609199e-05
7.507018728904656048e-05
7.511840831042099112e-05
7.516460636836276186e-05
7.521298594104138544e-05
7.526303073447209715e-05
7.530944255825822197e-05
7.535593913790825441e-05
7.540878782609172445e-05
7.545607972521342773e-05
7.550134937771020138e-05
7.554926130820945008e-05
7.559676246577835281e-05
7.564481694484016859e-05
7.569034664975360892e-05
7.574065730602111196e-05
7.578632603269192870e-05
7.583678366623093105e-05
7.588471134390104033e-05
7.593173639823475117e-05
7.597883026265426511e-05
7.603022630422387061e-05
7.607322502676186070e-05
7.612312820232282470e-05
7.617051576671155010e-05
7.622007365478050201e-05
7.626547033319330652e-05
7.631517094121591151e-05
7.636282456391118082e-05
7.640956110531326080e-05
7.645636532872339658e-05
7.650536212915762051e-05
7.655017741050533075e-05
7.660095975064896837e-05
7.664376505003985766e-05
7.669518590067657664e-05
7.674240176251411773e-05
7.678968634838006645e-05
7.683703980842834639e-05
7.688725042924270245e-05
7.693374121279507002e-05
7.698243879234133158e-05
7.702643549210772521e-05
7.707526920898908859e-05
7.711986865626371845e-05
7.717049666163616967e-05
7.721739127248995608e-05
7.726384773970628242e-05
7.731087686367395955e-05
7.736127963281704434e-05
7.740693824071108648e-05
7.745529473002419588e-05
7.750108388091866550e-05
7.754908088068311785e-05
7.759333575895603922e-05
7.764364224814075286e-05
7.769019013780431495e-05
7.773845653389060018e-05
7.778515306589315953e-05
7.783252757158140166e-05
7.787614384907258459e-05
7.792800403681953380e-05
7.796904509631627381e-05
7.802374717844283685e-05
7.806491217865700724e-05
7.811487171889711708e-05
7.816104758963528893e-05
7.820894912969333110e-05
7.825475138566695638e-05
7.830226474292766383e-05
7.834713842617674459e-05
7.839646045660890353e-05
7.843927302795007379e-05
7.848923387809088499e-05
7.853437486175264548e-05
7.858175445522167023e-05
7.862921451517197854e-05
7.867725042939669453e-05
7.872484197274265297e-05
7.877142947809762541e-05
7.881588066849643090e-05
7.886092050456193839e-05
7.890771049449420670e-05
7.895676773189321668e-05
7.899926019269810993e-05
7.904843077388874761e-05
7.909379874083129842e-05
7.914532596127977983e-05
7.918804712259339931e-05
7.923642800120260629e-05
7.927821518739361568e-05
7.932725612961508382e-05
7.937137742470346577e-05
7.942222942401693387e-05
7.946425311543939859e-05
7.951301371692970105e-05
7.955569312672178251e-05
7.960680549033260622e-05
7.964906613759202157e-05
7.969698543851642264e-05
7.974329549825155835e-05
7.979135588959510603e-05
7.983276783546359068e-05
7.988093509896024692e-05
7.992525539269137481e-05
7.997579982476451697e-05
8.001518986889916629e-05
8.006811574185539681e-05
8.011266323398594160e-05
8.016012889116230170e-05
8.020090885813952960e-05
8.024904214496963995e-05
8.029218001026805398e-05
8.033988622024048037e-05
8.038369000372962852e-05
8.043376949394955098e-05
8.047488777408294146e-05
8.052283787568723377e-05
8.056913256563256445e-05
8.061609903489179376e-05
8.065688891888506899e-05
8.070397198889060915e-05
8.074713273474999446e-05
8.079887588464554164e-05
8.083705190111632440e-05
8.088947721919797357e-05
8.093002797330078554e-05
8.097802807308227999e-05
8.102099002335025378e-05
8.107026150105698195e-05
8.111219916319456805e-05
8.115931666698652396e-05
8.120136367728979124e-05
8.125087528354248665e-05
8.128903983734005157e-05
8.134040214743979639e-05
8.138323600158125007e-05
8.143242412300539493e-05
8.147078612334548769e-05
8.151954082965459636e-05
8.156318157598897711e-05
8.160975015205174739e-05
8.165178042754700374e-05
8.170077095310679524e-05
8.174234046510575179e-05
8.178682782302293256e-05
8.182907501857807921e-05
8.187830021845260084e-05
8.191834321749413622e-05
8.196883890051055287e-05
8.201015728207055558e-05
8.205557382715910166e-05
8.209469180929947999e-05
8.214540485267741781e-05
8.218289664129045148e-05
8.223605245471807637e-05
8.227480050451025913e-05
8.232112709124902387e-05
8.236518171349215542e-05
8.241337180604912265e-05
8.245172667481010182e-05
8.249944655955568828e-05
8.254023534708042581e-05
8.258863433672668979e-05
8.262952723454359194e-05
8.267747174337381052e-05
8.271846850299300930e-05
8.276476957014444909e-05
8.280586979771649490e-05
8.285286409762620098e-05
8.289113304424588428e-05
8.294115502680078134e-05
8.298128329830402946e-05
8.302906915029653969e-05
8.306696236175336418e-05
8.311721103129582886e-05
8.315520256770013473e-05
8.320320883748800241e-05
8.324363909779644241e-05
8.329058483245181850e-05
8.332816030849319081e-05
8.337755741665893059e-05
8.341759241197515217e-05
8.346475283918046689e-05
8.350252100434491951e-05
8.355154096913862568e-05
8.358942176787395118e-05
8.363915027217980777e-05
8.367948368752355581e-05
8.372339348424861355e-05
8.376262171195759324e-05
8.381196853520063645e-05
8.385129430424614200e-05
8.389776909374746885e-05
8.393719073183471063e-05
8.398439111302160903e-05
8.402390960814818039e-05
8.406822631946303005e-05
8.411022565751074989e-05
8.415640775359758171e-05
8.419551098302224161e-05
8.424357681071381631e-05
8.428040078916005165e-05
8.432617788402659237e-05
8.436546944320628212e-05
8.441435464456686878e-05
8.445073414775065466e-05
8.449736028765043633e-05
8.453859503190467195e-05
8.458469534044872813e-05
8.462304387362679721e-05
8.466622635227068628e-05
8.470945781912435856e-05
8.475273835759681532e-05
8.479126942446638820e-05
8.483705464211437487e-05
8.487326707369222123e-05
8.492154608677365585e-05
8.496026095370573311e-05
8.500500544822722716e-05
8.504319017219424113e-05
8.508801404512040915e-05
8.512870676396330132e-05
8.517362837666806092e-05
8.521441494395322195e-05
8.525701203995784407e-05
8.529789140722282320e-05
8.534059960899982773e-05
8.538398197887647398e-05
8.542615899616634915e-05
8.546596995365783394e-05
8.550823866726465757e-05
8.554812198333494719e-05
8.559291605298596523e-05
8.562803759591455506e-05
8.567292531128771775e-05
8.571542525020899017e-05
8.575797220094988425e-05
8.579570292680300148e-05
8.584193998026398828e-05
8.588154996604092895e-05
8.592545641158894412e-05
8.596272667005377542e-05
8.600427798522698546e-05
8.604163197817924597e-05
8.608815302498445477e-05
8.613047821257304652e-05
8.617221090471659782e-05
8.621217499171483800e-05
8.625581196780267973e-05
8.629214451953531580e-05
8.633341362904746452e-05
8.637472692061633520e-05
8.641608446523167783e-05
8.645748633403377032e-05
8.649893259831672532e-05
8.653551251141446284e-05
8.658195859926507375e-05
8.661862238678680543e-05
8.666451630102375316e-05
8.669751683011819908e-05
8.674103044426042283e-05
8.678148691359822151e-05
8.682263501588098707e-05
8.686136955380686139e-05
8.690441186246181267e-05
8.694075377852216206e-05
8.698949175268882506e-05
8.702526513199848319e-05
8.706783138542466835e-05
8.710368324820239624e-05
8.714635175403969596e-05
8.718409490576988581e-05
8.722684938729625091e-05
8.726467349163124913e-05
8.730817123955653613e-05
8.734856715888787910e-05
8.738900507329842979e-05
8.742699247784773483e-05
8.746934753622751055e-05
8.750427793657073892e-05
8.754421974098403579e-05
8.758420257199282430e-05
8.762672546725959368e-05
8.766112855387555225e-05
8.770623596693143641e-05
8.774137855283351516e-05
8.778657373788153410e-05
8.782429931156949848e-05
8.786323848105243332e-05
8.790288324226678651e-05
8.794190105823176192e-05
8.798162585486581306e-05
8.802072255574226311e-05
8.806052763048314886e-05
8.810221770526918119e-05
8.813958905218406898e-05
8.818136103652612987e-05
8.821881060498889540e-05
8.825747304493051647e-05
8.829617379310886085e-05
8.833491290648685359e-05
8.837369044214242648e-05
8.841067445414822680e-05
8.844952839335786963e-05
8.849345714534853429e-05
8.852735211093645145e-05
8.857136323087288631e-05
8.860600869767945652e-05
8.864369949108651136e-05
8.868462151117662354e-05
8.872306686359103663e-05
8.876154994654144399e-05
8.880007081559801810e-05
8.883610900864792115e-05
8.887976546266924342e-05
8.891586069675349083e-05
8.895200903073197086e-05
8.899324390511296437e-05
8.903062271966444155e-05
8.906872279237207824e-05
8.910872036584895019e-05
8.914434706507231838e-05
8.918510679279701163e-05
8.922011714367578475e-05
8.926095301532382498e-05
8.929672278200454253e-05
8.933694568400815292e-05
8.937534237212486324e-05
8.941493288812024979e-05
8.945017242147708554e-05
8.948729463156749437e-05
8.952699441242909233e-05
8.956488171196214782e-05
8.959956614237982349e-05
8.963752445470515092e-05
8.967482370702668196e-05
8.971470683847243912e-05
8.975277480097655516e-05
8.978950229784515337e-05
8.982879843215605124e-05
8.986300671417679826e-05
8.990239163258907770e-05
8.993993969254292914e-05
8.997682287687869089e-05
9.001374053685035396e-05
9.005069272081780757e-05
9.009025786705560275e-05
9.012728045119350437e-05
9.016619699834097000e-05
9.020000331896966205e-05
9.023385867389415642e-05
9.027289607312281275e-05
9.031195159550051447e-05
9.034588758630187721e-05
9.038503078131168613e-05
9.042162100922279883e-05
9.046083538180099074e-05
9.049747655984568769e-05
9.053088503284594868e-05
9.056947576694545938e-05
9.060294741939930541e-05
9.064162407505000783e-05
9.067960577715470641e-05
9.071575373020921568e-05
9.075453442129494293e-05
9.078814857288570962e-05
9.082699769995660074e-05
9.086254567457439913e-05
9.090074807029506769e-05
9.093379150422590846e-05
9.097134314630511958e-05
9.100962761679679924e-05
9.104535542779672525e-05
9.108039646999751366e-05
9.111618801588388099e-05
9.115199371797758261e-05
9.118786785609065467e-05
9.122303490163270821e-05
9.126084925067141777e-05
9.129533916117319868e-05
9.133321880365500515e-05
9.137039015379397095e-05
9.140311306309698990e-05
9.143774385491039230e-05
9.147573529957281715e-05
9.151042828928077294e-05
9.154587832539173885e-05
9.158398642949370496e-05
9.161804479095534413e-05
9.165286094578829008e-05
9.169222008636590939e-05
9.172112518385577905e-05
9.175866385461549639e-05
9.179285287136863954e-05
9.183045556559668718e-05
9.186734081929043955e-05
9.190237206303764842e-05
9.193670068670414222e-05
9.197369796491764143e-05
9.200735238864010690e-05
9.204103530458704839e-05
9.207737088526102645e-05
9.211186661032556009e-05
9.214561862258555049e-05
9.218280087969846226e-05
9.221663020513257169e-05
9.225048824425214960e-05
9.228774519233839762e-05
9.232092259049432740e-05
9.235412765266394226e-05
9.239075399704028795e-05
9.242401617404195880e-05
9.245730612070339742e-05
9.249136666696540509e-05
9.252735145616776120e-05
9.256338471932230513e-05
9.259753347458631869e-05
9.263362653242504063e-05
9.266368110069091949e-05
9.270172956643441139e-05
9.273524737296522341e-05
9.276804575358869257e-05
9.280353695426727626e-05
9.283713908117170190e-05
9.287002013634472334e-05
9.290557895689317489e-05
9.294118554098466576e-05
9.297755403219590850e-05
9.300979579967022395e-05
9.304206363268266791e-05
9.307437607045169993e-05
9.310743094870081206e-05
9.314245454871832334e-05
9.317482861176604723e-05
9.320722890052104590e-05
9.324575271203327956e-05
9.327552710678243381e-05
9.331335388004040310e-05
9.334244104248114323e-05
9.337764095297546572e-05
9.341211088783322363e-05
9.344394029941499754e-05
9.347657334072680753e-05
9.351112416566605015e-05
9.354572114306508991e-05
9.357765484594750272e-05
9.361037601223131342e-05
9.364772868669871543e-05
9.367897844875122692e-05
9.371025265969851073e-05
9.374501183358834012e-05
9.377631797443495448e-05
9.381036563601743278e-05
9.384250658557816041e-05
9.387658847251033876e-05
9.390801425764260218e-05
9.394023239610699543e-05
9.397441174360664934e-05
9.400514436130908574e-05
9.403858763717664053e-05
9.407284535192775754e-05
9.410634069658990080e-05
9.413988057671761008e-05
9.416879808102860143e-05
9.420238814548677038e-05
9.423947022515813117e-05
9.426499314916061186e-05
9.430135484672499209e-05
9.433233297830747439e-05
9.436525741456120591e-05
9.439550828063572683e-05
9.443197599249339837e-05
9.446229404566195591e-05
9.449609508659933166e-05
9.452373919395392037e-05
9.456223752617408374e-05
9.459068778147016441e-05
9.462382961481267084e-05
9.465427100780050265e-05
9.468666255127695215e-05
9.471987824678571976e-05
9.475504709875615258e-05
9.478014360393590939e-05
9.481264949174861799e-05
9.484594409197486225e-05
9.487847998148955353e-05
9.490910980618692502e-05
9.494442847429761852e-05
9.497433968763019949e-05
9.500346801661166982e-05
9.503340431878008548e-05
9.507075419659823633e-05
9.509799781704109795e-05
9.512995505151491330e-05
9.515998272508074279e-05
9.519198616985590422e-05
9.522204019080100876e-05
9.525488056880657172e-05
9.528341721631191611e-05
9.531824071253684207e-05
9.534761288661451346e-05
9.537894361331306396e-05
9.541110913340799745e-05
9.544327916363024218e-05
9.547000703254311920e-05
9.550144626000948826e-05
9.553094964466673827e-05
9.556321049924895164e-05
9.559665762292392796e-05
9.562543073405778968e-05
9.565698232615465763e-05
9.568579771982388892e-05
9.571737452176796036e-05
9.574899309836411515e-05
9.577981538803067381e-05
9.581147884797037106e-05
9.584040129634367961e-05
9.587485493267155611e-05
9.590027231980975491e-05
9.593120269008268146e-05
9.595940627812123321e-05
9.599037919295345239e-05
9.601862343720484329e-05
9.605518018443603046e-05
9.608069554735612216e-05
9.611177398014459814e-05
9.614285511527608929e-05
9.617397735303971542e-05
9.620153866400936232e-05
9.623465256592706330e-05
9.626225374984017172e-05
9.629541137736046560e-05
9.631751318085105104e-05
9.635428377162168548e-05
9.638196450639704288e-05
9.641244652076544222e-05
9.644016642686120244e-05
9.647345441271318301e-05
9.650121452661931812e-05
9.653094733906063068e-05
9.655793253826593125e-05
9.659130668984166495e-05
9.661556113343070515e-05
9.664816270120338108e-05
9.667603995424407651e-05
9.670868423584269113e-05
9.673299197866734827e-05
9.676649498740303671e-05
9.679283486817729417e-05
9.682833891975412054e-05
9.685192039738005387e-05
9.688469018291645009e-05
9.690828665660123503e-05
9.693829822901129615e-05
9.696752845791370857e-05
9.700038126648473250e-05
9.702684956686378765e-05
9.705694152597701572e-05
9.708346565930901014e-05
9.711194969686749224e-05
9.713848994403094723e-05
9.717064163086416905e-05
9.719721888562366766e-05
9.722941132166711576e-05
9.725800885739697618e-05
9.728743216302770003e-05
9.731129133556987610e-05
9.734552898599983046e-05
9.737221670988917158e-05
9.739726458927044515e-05
9.742315749180866251e-05
9.745467931040224688e-05
9.748622153372618615e-05
9.751216838709303068e-05
9.753813204727834470e-05
9.756973196387830317e-05
9.759573110787323337e-05
9.762737018567072423e-05
9.764976885954418687e-05
9.767862261770119292e-05
9.770948474175107494e-05
9.773756103098965326e-05
9.776563551962573137e-05
9.779739036093876281e-05
9.781705812550289391e-05
9.784801315548648172e-05
9.787418596641734648e-05
9.790519854089760853e-05
9.793254155566394391e-05
9.796074033583102817e-05
9.798530423240579259e-05
9.801355699037653539e-05
9.804096766200120377e-05
9.806925576400882076e-05
9.809670079680664345e-05
9.812218691239496516e-05
9.815250376783780689e-05
9.818086275729183583e-05
9.820471293429544493e-05
9.823508343860466903e-05
9.825980882631223697e-05
9.828737251114870693e-05
9.831497293680244750e-05
9.834172492385026326e-05
9.836651376236598321e-05
9.839983675750378514e-05
9.842465897172932086e-05
9.844864876589840149e-05
9.847265302581883280e-05
9.850518119218131463e-05
9.853006626266661179e-05
9.855696839674344702e-05
9.858671926261118915e-05
9.861363500741130415e-05
9.863489860930407826e-05
9.866469998749769627e-05
9.868882779015131365e-05
9.871866349142931825e-05
9.874480664599621634e-05
9.877183861022942931e-05
9.879517369276972648e-05
9.882221724262667587e-05
9.884844185944341574e-05
9.887752373564493607e-05
9.890461634407722992e-05
9.893088860501113692e-05
9.895431215585104182e-05
9.898431727532443431e-05
9.900691257737290207e-05
9.903322612408753855e-05
9.905957502876932598e-05
9.908591962572693278e-05
9.911143971041247002e-05
9.914068500396943013e-05
9.916422558530555017e-05
9.919264236437662428e-05
9.921333939867268655e-05
9.924264910012027508e-05
9.926825894144617845e-05
9.929100838816682457e-05
9.931950282057287348e-05
9.934513687226534428e-05
9.937080555714601876e-05
9.939361059490221036e-05
9.942216725262738135e-05
9.944500015923247093e-05
9.946784619357048360e-05
9.949933053657349829e-05
9.952420044015849413e-05
9.954997211902619192e-05
9.957487025381400432e-05
9.959978228955902496e-05
9.962273173895452025e-05
9.964767127718583185e-05
9.967638241853525995e-05
9.970137109401001289e-05
9.972635374954480752e-05
9.975224205188698698e-05
9.977638099008899323e-05
9.980142560975294164e-05
9.982646423405109226e-05
9.985153689629692846e-05
9.987285576308034811e-05
9.990370452182245468e-05
9.992592420031433094e-05
9.995392887333086915e-05
9.997529926526451055e-05
9.999755751665972178e-05
1.000276275377111226e-04
1.000490355728878467e-04
1.000733354327803089e-04
1.000976485089661330e-04
1.001219948920078063e-04
1.001501160856716963e-04
1.001744902148875294e-04
1.001959733887803575e-04
1.002232581960523807e-04
1.002476520587464523e-04
1.002711980312090959e-04
1.002985254080981128e-04
1.003162811640371003e-04
1.003436354971663492e-04
1.003672320794676598e-04
1.003946149986704669e-04
1.004124152010201718e-04
1.004398251625500968e-04
1.004634523621222516e-04
1.004879975381653808e-04
1.005087559541821535e-04
1.005382506515828958e-04
1.005581466880816119e-04
1.005847531263851739e-04
1.006084562009578522e-04
1.006292737991771122e-04
1.006530214142941119e-04
1.006796811706373815e-04
1.007005341851879404e-04
1.007272206629233039e-04
1.007501089785462216e-04
1.007730292519409902e-04
1.007959410474241081e-04
1.008226804448032906e-04
1.008427120882729173e-04
1.008685854362682675e-04
1.008924585825461456e-04
1.009183582134118664e-04
1.009384149140867053e-04
1.009623252199081327e-04
1.009844590150702100e-04
1.010104089088391860e-04
1.010305301733892806e-04
1.010556093407866097e-04
1.010757523998582547e-04
1.011046653113301162e-04
1.011248313578969152e-04
1.011470450155456521e-04
1.011701474631223019e-04
1.011932821268663618e-04
1.012155094495151926e-04
1.012406856475872900e-04
1.012629561584390533e-04
1.012852174149611329e-04
1.013045700864712663e-04
1.013307149524558473e-04
1.013500684125802852e-04
1.013782582202669503e-04
1.014005761399397503e-04
1.014229255540110837e-04
1.014452657368621909e-04
1.014637886599652157e-04
1.014890958582772385e-04
1.015105849896496122e-04
1.015359162706059069e-04
1.015583325390809265e-04
1.015798338382334706e-04
1.016022516605057829e-04
1.016237945026305549e-04
1.016433037788723936e-04
1.016707295652780031e-04
1.016923046841609727e-04
1.017109371207241468e-04
1.017354657008495477e-04
1.017541175375756758e-04
1.017786683724223223e-04
1.018002955747254561e-04
1.018219127592108242e-04
1.018435403826711128e-04
1.018710946092508002e-04
1.018898062435804561e-04
1.019105539408499415e-04
1.019351838982995753e-04
1.019530116068517825e-04
1.019776635207487103e-04
1.019984718776221767e-04
1.020172409824168244e-04
1.020439548254278557e-04
1.020627643681460886e-04
1.020865364111633969e-04
1.021044289887934327e-04
1.021282423647689559e-04
1.021491202013167149e-04
1.021700077809052529e-04
1.021908845687876391e-04
1.022147403635617386e-04
1.022386072988963851e-04
1.022595147358471376e-04
1.022804525018115911e-04
1.023014000524817915e-04
1.023223368243455963e-04
1.023394103827119679e-04
1.023624191713338940e-04
1.023863592891572282e-04
1.024034589229398402e-04
1.024274196311178859e-04
1.024475131517749415e-04
1.024685176811024486e-04
1.024915872392194829e-04
1.025155906014816644e-04
1.025327429149775019e-04
1.025528831608705290e-04
1.025730118569492827e-04
1.025961311740646167e-04
1.026123917762909060e-04
1.026385130563089331e-04
1.026586790437668864e-04
1.026758905688850642e-04
1.026990589754114418e-04
1.027222378400143900e-04
1.027454271697781941e-04
1.027617456884300450e-04
1.027819873251520594e-04
1.028012885216566602e-04
1.028215273750565992e-04
1.028408663861856380e-04
1.028632039646469376e-04
1.028804793285897906e-04
1.029058062072527090e-04
1.029260910427768434e-04
1.029424812906481009e-04
1.029648448982602946e-04
1.029872182246909846e-04
1.030066272218610338e-04
1.030260239300548905e-04
1.030484251528809928e-04
1.030648633932703859e-04
1.030872828104916432e-04
1.031097119835038429e-04
1.031261742932170812e-04
1.031447076335209807e-04
1.031671637547808637e-04
1.031856927893572492e-04
1.032051869377752083e-04
1.032237318156952529e-04
1.032492268479465148e-04
1.032648064666498553e-04
1.032843137201730179e-04
1.033058954050299755e-04
1.033284250420037472e-04
1.033470402464490076e-04
1.033626568874211165e-04
1.033842732060677525e-04
1.034028909623072517e-04
1.034245247437206618e-04
1.034401706711487079e-04
1.034648308056874814e-04
1.034804917221215627e-04
1.035021598725349555e-04
1.035238370991924990e-04
1.035395202183491781e-04
1.035602709443453741e-04
1.035819737801699805e-04
1.035967346729016182e-04
1.036154395689302355e-04
1.036371674286529568e-04
1.036549642714084155e-04
1.036767093408489727e-04
1.036975175113137300e-04
1.037162628451349339e-04
1.037340901872519467e-04
1.037489058826425908e-04
1.037697454634673653e-04
1.037905934178813696e-04
1.038093773107031569e-04
1.038272414460777651e-04
1.038450918534643752e-04
1.038659928304103960e-04
1.038838582108609731e-04
1.038987280090265710e-04
1.039196314650821202e-04
1.039405433339912537e-04
1.039605125160128252e-04
1.039754095831942309e-04
1.039963451235543536e-04
1.040142617778391760e-04
1.040372889413911247e-04
1.040522133456440340e-04
1.040731810460662998e-04
1.040871651109334379e-04
1.041111574645904998e-04
1.041281852473062403e-04
1.041451986088568859e-04
1.041622395028222477e-04
1.041802213362562303e-04
1.041972756970616890e-04
1.042173494807380587e-04
1.042374310004021007e-04
1.042554630443732680e-04
1.042725242100068849e-04
1.042895919544962211e-04
1.043097030797684977e-04
1.043268055968784214e-04
1.043429351586314384e-04
1.043630680329139413e-04
1.043832297076719307e-04
1.043972987298386057e-04
1.044204940481309305e-04
1.044406574493703994e-04
1.044538061067562811e-04
1.044739835474090857e-04
1.044871432968426579e-04
1.045073347923588283e-04
1.045235493765689513e-04
1.045407112126940966e-04
1.045599618730771454e-04
1.045801826983848681e-04
1.045933769202025211e-04
1.046126481022345388e-04
1.046328904877032802e-04
1.046491284934829915e-04
1.046653935796033175e-04
1.046816646638378667e-04
1.046979206484073538e-04
1.047172326196053345e-04
1.047365517164645010e-04
1.047528479404704726e-04
1.047691290629431933e-04
1.047884684377470478e-04
1.048078149535952770e-04
1.048210830050182825e-04
1.048394745367262965e-04
1.048588410173506010e-04
1.048751596211412436e-04
1.048905362461614150e-04
1.049099227236120985e-04
1.049293163686297777e-04
1.049447108930785653e-04
1.049610601634432786e-04
1.049764658179790441e-04
1.049928268605806293e-04
1.050112819289971712e-04
1.050266835064164847e-04
1.050451721960504633e-04
1.050646187036074125e-04
1.050800379329507023e-04
1.050985247494434311e-04
1.051109138637513438e-04
1.051303864204610367e-04
1.051488920332796029e-04
1.051643610199524021e-04
1.051828791324757172e-04
1.051983383418425441e-04
1.052097828451487878e-04
1.052283185758186686e-04
1.052468608388440030e-04
1.052654096376777444e-04
1.052778500076418300e-04
1.052994582164681149e-04
1.053119302154690738e-04
1.053264561730795089e-04
1.053450351994485417e-04
1.053626424294370795e-04
1.053741342742897235e-04
1.053958030107499929e-04
1.054113347044537119e-04
1.054289651299721784e-04
1.054445292870563377e-04
1.054621500592480010e-04
1.054736704143374460e-04
1.054953790999955553e-04
1.055069089815935022e-04
1.055245734471983108e-04
1.055422438287307929e-04
1.055599201291627600e-04
1.055745460972752045e-04
1.055891556669017134e-04
1.056068487139038214e-04
1.056193941966704700e-04
1.056401780506352012e-04
1.056538245039053217e-04
1.056684809323233764e-04
1.056862021187165567e-04
1.057008475704272483e-04
1.057175948341527500e-04
1.057291889776079257e-04
1.057469320822285251e-04
1.057646811430206071e-04
1.057793732674864912e-04
1.057930621596941078e-04
1.058138916387053993e-04
1.058245474475379399e-04
1.058423241227342748e-04
1.058591186895979896e-04
1.058759185870748119e-04
1.058844706409154318e-04
1.059043682949242288e-04
1.059190840743029532e-04
1.059389937306117965e-04
1.059496404875577368e-04
1.059705515542997540e-04
1.059812281948999748e-04
1.059980693244398626e-04
1.060149158071677767e-04
1.060317676456364034e-04
1.060424608081212062e-04
1.060593223856069208e-04
1.060730956250350432e-04
1.060899888500600697e-04
1.061037713502170946e-04
1.061175796538917402e-04
1.061375408509651868e-04
1.061534398197478671e-04
1.061641658677038444e-04
1.061810681398920361e-04
1.061948996162882900e-04
1.062108171617832822e-04
1.062246362122027440e-04
1.062384811101867052e-04
1.062544126505375359e-04
1.062682451252410073e-04
1.062841860594256798e-04
1.063042295255200813e-04
1.063170793449292055e-04
1.063299544855092032e-04
1.063438096484386878e-04
1.063597741910768635e-04
1.063767417704550224e-04
1.063865300111641152e-04
1.064025083130688983e-04
1.064194905186128956e-04
1.064292896853840861e-04
1.064452817651249597e-04
1.064581939493096862e-04
1.064741951809034735e-04
1.064902012233610721e-04
1.065092981724332429e-04
1.065191196850484400e-04
1.065351612157643124e-04
1.065449680600080387e-04
1.065609967894301811e-04
1.065770303423334970e-04
1.065920661808176200e-04
1.066081090854136958e-04
1.066210455096336808e-04
1.066340073616332037e-04
1.066521723756465068e-04
1.066651211584425005e-04
1.066811869973792958e-04
1.066941655975854001e-04
1.067061217564723271e-04
1.067222008850176310e-04
1.067341860507624139e-04
1.067492684596963717e-04
1.067622451781842789e-04
1.067742411993947716e-04
1.067934374951617129e-04
1.068054414320026505e-04
1.068184342085270501e-04
1.068304451893709826e-04
1.068486535820483904e-04
1.068585610421460627e-04
1.068736808249597277e-04
1.068888048870786557e-04
1.069008344408372109e-04
1.069128458051108409e-04
1.069311031005436969e-04
1.069400220463418056e-04
1.069582667569547702e-04
1.069713247174220621e-04
1.069823443814895526e-04
1.069943991172572144e-04
1.070157857921002435e-04
1.070247243222557221e-04
1.070398933719276803e-04
1.070550667221504800e-04
1.070661067366633661e-04
1.070781834910610977e-04
1.070933685832148248e-04
1.071085579828697122e-04
1.071196112391599833e-04
1.071348085281591999e-04
1.071469034845608817e-04
1.071610951274066972e-04
1.071763046313750758e-04
1.071873744990419820e-04
1.072025919085356076e-04
1.072136899602564271e-04
1.072289152847413605e-04
1.072400198732594608e-04
1.072552531191358152e-04
1.072663425764881046e-04
1.072805675342990459e-04
1.072947962654503107e-04
1.073069121035170691e-04
1.073180360894403874e-04
1.073322755907845088e-04
1.073433842039432017e-04
1.073617837246449867e-04
1.073729210060071922e-04
1.073840395446909950e-04
1.073982973978578634e-04
1.074094222592318268e-04
1.074268244656776522e-04
1.074348401711522425e-04
1.074491123492631061e-04
1.074633883198523047e-04
1.074745292218989238e-04
1.074888123648312725e-04
1.074999813334660619e-04
1.075163691499072893e-04
1.075244041439975604e-04
1.075418422993282459e-04
1.075530024181939190e-04
1.075631653746699721e-04
1.075712107924426818e-04
1.075917851043243600e-04
1.075988138630407039e-04
1.076162537605846560e-04
1.076274542363369984e-04
1.076407567359098893e-04
1.076519633491445456e-04
1.076652505321233199e-04
1.076754391601439885e-04
1.076897786779436496e-04
1.076999511860461466e-04
1.077142976528688568e-04
1.077307697818695545e-04
1.077419984143318114e-04
1.077521826127417898e-04
1.077655175172027662e-04
1.077788557226019194e-04
1.077890700552773285e-04
1.078034411100815240e-04
1.078136393181122228e-04
1.078238400518949358e-04
1.078340651132362796e-04
1.078474218490107600e-04
1.078607818940269285e-04
1.078751733370922312e-04
1.078875119167046294e-04
1.079008818968281951e-04
1.079111241105760685e-04
1.079244785123616575e-04
1.079347261908927385e-04
1.079449764105741609e-04
1.079552073444499513e-04
1.079685956686459803e-04
1.079819873140230673e-04
1.079922266464195874e-04
1.080077498174388087e-04
1.080211511779766598e-04
1.080335246166995157e-04
1.080406399376087115e-04
1.080540502428475809e-04
1.080674638775483193e-04
1.080798486504119408e-04
1.080869731892904201e-04
1.080993631561269789e-04
1.081127888260388018e-04
1.081251847123939117e-04
1.081323182873248555e-04
1.081478799263370144e-04
1.081581570971084375e-04
1.081705641125481939e-04
1.081798341833188246e-04
1.081932591436156771e-04
1.082056964599544170e-04
1.082159869130467755e-04
1.082284079239025098e-04
1.082408317864485365e-04
1.082532585016663567e-04
1.082656880705394907e-04
1.082791566582281222e-04
1.082852840204300563e-04
1.082977216697072391e-04
1.083101621764903611e-04
1.083226055417631461e-04
1.083319071949736195e-04
1.083443340052291326e-04
1.083536402936092954e-04
1.083660943771463014e-04
1.083754053064956731e-04
1.083878647558453317e-04
1.084034738112353216e-04
1.084127922509735834e-04
1.084220909028080535e-04
1.084345614541384022e-04
1.084438866856936507e-04
1.084553228435490314e-04
1.084646305791812617e-04
1.084771116459502550e-04
1.084864459776299118e-04
1.084978917810055962e-04
1.085135311694711692e-04
1.085228728280683005e-04
1.085343263195304804e-04
1.085436504759507663e-04
1.085529987408484330e-04
1.085644592603384715e-04
1.085769644054359885e-04
1.085884299861177542e-04
1.086009406543447103e-04
1.086092358780093887e-04
1.086207086111672077e-04
1.086300729395172005e-04
1.086415504087794997e-04
1.086508972260042251e-04
1.086623794321133304e-04
1.086749082433010667e-04
1.086863955251986757e-04
1.086947290293783559e-04
1.087062208358364736e-04
1.087176930756995837e-04
1.087270777748924606e-04
1.087385767591680821e-04
1.087468982659826926e-04
1.087584237860255771e-04
1.087709758522476997e-04
1.087793035085108008e-04
1.087908142137201755e-04
1.088023273552447649e-04
1.088106829921003590e-04
1.088253609503353378e-04
1.088368814054494399e-04
1.088420603839663673e-04
1.088535850469581003e-04
1.088651121507695150e-04
1.088734577142896057e-04
1.088850113993345998e-04
1.088923122143587504e-04
1.089038481945800668e-04
1.089153866192894225e-04
1.089269274892632145e-04
1.089321208998306808e-04
1.089458026176033417e-04
1.089541636497018363e-04
1.089657134126359304e-04
1.089804529205837318e-04
1.089877697610765542e-04
1.089961607686387696e-04
1.090045314940169040e-04
1.090182080231763675e-04
1.090297937735820228e-04
1.090371191121657481e-04
1.090455196445902535e-04
1.090592056679841494e-04
1.090707783876147374e-04
1.090749422011291758e-04
1.090865189358597025e-04
1.090970674547502299e-04
1.091054573742962936e-04
1.091191575044051041e-04
1.091307436271721893e-04
1.091381082269792831e-04
1.091486449292286797e-04
1.091570445392975823e-04
1.091675852068014411e-04
1.091749562805567164e-04
1.091865552695083462e-04
1.091971019438319618e-04
1.092044559701350691e-04
1.092150064117449181e-04
1.092255588921461576e-04
1.092361134119306806e-04
1.092477257398864738e-04
1.092551104010361558e-04
1.092656709398547591e-04
1.092762335204221582e-04
1.092836009559048347e-04
1.092941673126194484e-04
1.093015600348896677e-04
1.093121301720220191e-04
1.093227023537475436e-04
1.093332765806600859e-04
1.093406538102605362e-04
1.093512318198392347e-04
1.093586343548768740e-04
1.093692161514006817e-04
1.093829781323979304e-04
1.093925056208882153e-04
1.093967140751670868e-04
1.094073035525570644e-04
1.094178950802441349e-04
1.094242495952790572e-04
1.094348447123026110e-04
1.094486221104700992e-04
1.094528384039833321e-04
1.094655821576692896e-04
1.094729819924498916e-04
1.094804054288201975e-04
1.094931329966918694e-04
1.095005597520751678e-04
1.095069046591897008e-04
1.095207214971430040e-04
1.095270693312112062e-04
1.095376852996262826e-04
1.095483033261577589e-04
1.095578613102192000e-04
1.095652991654904343e-04
1.095780447547175509e-04
1.095844232904361493e-04
1.095918435489262821e-04
1.096046171108004110e-04
1.096088551606339272e-04
1.096216103635526276e-04
1.096279956114859944e-04
1.096418184843752763e-04
1.096482066742417307e-04
1.096577829368340011e-04
1.096652157158586427e-04
1.096747952301935382e-04
1.096811885952055424e-04
1.096939592804992955e-04
1.097003554372184456e-04
1.097067304934863484e-04
1.097173831837313339e-04
1.097301838433734349e-04
1.097365632404228154e-04
1.097429659790375301e-04
1.097557500041440446e-04
1.097621333096753210e-04
1.097717528370437118e-04
1.097813518127296629e-04
1.097845478324826297e-04
1.097941496062764633e-04
1.098069448174460671e-04
1.098165502302655863e-04
1.098229650075748187e-04
1.098325735027826729e-04
1.098389685570114638e-04
1.098485801342307300e-04
1.098549999601209140e-04
1.098635462438986396e-04
1.098731624027342421e-04
1.098827802450885526e-04
1.098891829914611269e-04
1.098988039205437794e-04
1.099084265344220726e-04
1.099137860548090689e-04
1.099266071812105878e-04
1.099330387761359676e-04
1.099415977063017126e-04
1.099512280959007062e-04
1.099608601728049975e-04
1.099662042134051893e-04
1.099758391965914800e-04
1.099854758683153726e-04
1.099940432166329269e-04
1.100036830790286537e-04
1.100122532642026902e-04
1.100154769006309339e-04
1.100240494238634824e-04
1.100369164956585143e-04
1.100454921094561116e-04
1.100519193531808714e-04
1.100604975568450088e-04
1.100669494795842023e-04
1.100755302760981569e-04
1.100819622842631696e-04
1.100905456731359876e-04
1.101023538905794086e-04
1.101077164671269813e-04
1.101173773927727970e-04
1.101227643409369652e-04
1.101313543439074805e-04
1.101410196992384170e-04
1.101463874888168566e-04
1.101549814293625320e-04
1.101678768120635787e-04
1.101700444801481996e-04
1.101818461391512250e-04
1.101904456139766542e-04
1.101958421547949538e-04
1.102012172092767261e-04
1.102141228187223407e-04
1.102227275829658840e-04
1.102313336909173684e-04
1.102367132480841901e-04
1.102453217923231608e-04
1.102507256217143225e-04
1.102625429149525061e-04
1.102647200303383718e-04
1.102765626077593838e-04
1.102819482198669882e-04
1.102937939937682172e-04
1.102991817938357992e-04
1.103045927876580916e-04
1.103164207547694916e-04
1.103218339416243640e-04
1.103272256176653950e-04
1.103390804861880694e-04
1.103401871138148029e-04
1.103520223712954932e-04
1.103574404047390450e-04
1.103692788619852746e-04
1.103746990921126878e-04
1.103833304602586888e-04
1.103940945248183930e-04
1.103995179146208830e-04
1.104049197788016474e-04
1.104167897664510163e-04
1.104211140406235483e-04
1.104265411884936530e-04
1.104351811713737971e-04
1.104491890592225272e-04
1.104513847839173923e-04
1.104600286550070742e-04
1.104675931521118437e-04
1.104697908114153914e-04
1.104805704873762647e-04
1.104924552246651181e-04
1.104968102921368621e-04
1.105022250075255445e-04
1.105097957272442501e-04
1.105184492486978277e-04
1.105260221917631622e-04
1.105346782547453999e-04
1.105400979505322020e-04
1.105476740827277844e-04
1.105520354936351658e-04
1.105606961374322434e-04
1.105682753139538204e-04
1.105758555296855109e-04
1.105812807876807352e-04
1.105888630089118570e-04
1.105943125004704388e-04
1.106018967295909665e-04
1.106094819989903599e-04
1.106181521523909506e-04
1.106257396516812714e-04
1.106333281919227038e-04
1.106409177733316682e-04
1.106495928558283849e-04
1.106571846690288695e-04
1.106647775240690508e-04
1.106723714211648883e-04
1.106799663605284383e-04
1.106854052100035059e-04
1.106897820183504769e-04
1.106973797912112577e-04
1.107081991918954384e-04
1.107125784664400657e-04
1.107169583422975157e-04
1.107277813157781470e-04
1.107321403900974249e-04
1.107408305461052251e-04
1.107516799451347121e-04
1.107592862180402772e-04
1.107636486965754428e-04
1.107680342292417358e-04
1.107756431930562521e-04
1.107832532023048664e-04
1.107876185262726888e-04
1.107941653896638750e-04
1.108050018483451468e-04
1.108093695238334368e-04
1.108169843908761226e-04
1.108213759571605736e-04
1.108289926961409771e-04
1.108366104821884089e-04
1.108442293155189912e-04
1.108475129025213895e-04
1.108583813566608512e-04
1.108627775375654439e-04
1.108703777131033895e-04
1.108780014129462485e-04
1.108856486419468286e-04
1.108889359931135272e-04
1.108997891907828566e-04
1.109041899907741785e-04
1.109118185634794186e-04
1.109118809723425573e-04
1.109259886974443626e-04
1.109292797198192419e-04
1.109369344606270924e-04
1.109477959750625750e-04
1.109478605261690327e-04
1.109554955539282528e-04
1.109631316325896631e-04
1.109696776794673529e-04
1.109773157103791905e-04
1.109806114762616855e-04
1.109882737403872796e-04
1.109948004392852082e-04
1.110024646599791324e-04
1.110100849190686804e-04
1.110166592089266175e-04
1.110242814199830874e-04
1.110276039623025530e-04
1.110352504162697888e-04
1.110418053579977077e-04
1.110418755215006586e-04
1.110560103871216389e-04
1.110593133294116464e-04
1.110669643760052374e-04
1.110767781223006613e-04
1.110768503732849637e-04
1.110877368174174927e-04
1.110910652009627361e-04
1.110987208460043464e-04
1.111052836673323817e-04
1.111118472640640976e-04
1.111151778913518456e-04
1.111228145491568547e-04
1.111293804098240832e-04
1.111359695830979583e-04
1.111425144591560491e-04
1.111469426575111409e-04
1.111535115610477384e-04
1.111600812410890510e-04
1.111666516977721081e-04
1.111732229312352134e-04
1.111808903522222905e-04
1.111809688344039002e-04
1.111940369633547467e-04
1.112006114348833074e-04
1.112006910970874681e-04
1.112072667396335083e-04
1.112149393055684077e-04
1.112215166333539474e-04
1.112280947391608790e-04
1.112346736231274518e-04
1.112412532853913053e-04
1.112478337260907702e-04
1.112544149453640414e-04
1.112577586706057174e-04
1.112610802261904819e-04
1.112676633974478326e-04
1.112774861953768176e-04
1.112840711165959161e-04
1.112874175862602554e-04
1.112940038746724016e-04
1.113005909427191784e-04
1.113060807617456877e-04
1.113126692594822051e-04
1.113159958023984808e-04
1.113225856671747939e-04
1.113259357708509800e-04
1.113325270044670948e-04
1.113391190186185410e-04
1.113457118134442999e-04
1.113512064055810475e-04
1.113578006320033468e-04
1.113643956394932667e-04
1.113709914281890972e-04
1.113775879982299005e-04
1.113830857368915724e-04
1.113896837397587947e-04
1.113962825243644875e-04
1.113996167142666045e-04
1.114051167891506514e-04
1.114084744625213832e-04
1.114183191850017218e-04
1.114205776211036177e-04
1.114271804524259263e-04
1.114337840663678502e-04
1.114403884630685602e-04
1.114426258968950165e-04
1.114524985571472697e-04
1.114580040154832067e-04
1.114613665159006734e-04
1.114647068044198581e-04
1.114702137907149914e-04
1.114768228925928944e-04
1.114823310761891022e-04
1.114856959495865010e-04
1.114944509963503591e-04
1.115010629726881147e-04
1.115076757332949365e-04
1.115131869663291115e-04
1.115132854156489342e-04
1.115187975252955176e-04
1.115275796887220508e-04
1.115341731623170792e-04
1.115396871766324681e-04
1.115430572828926347e-04
1.115485723362559403e-04
1.115551911202157076e-04
1.115574594290595097e-04
1.115662241724483676e-04
1.115728450513947539e-04
1.115751145923238991e-04
1.115817367193509851e-04
1.115872331216125773e-04
1.115927753447103492e-04
1.115961277629006485e-04
1.116048977144765511e-04
1.116104416888736781e-04
1.116137956866719360e-04
1.116160682194416618e-04
1.116248409802056407e-04
1.116303644467941817e-04
1.116304699693714165e-04
1.116425179976324444e-04
1.116480432138057695e-04
1.116470446493966713e-04
1.116602006146447134e-04
1.116592025432642745e-04
1.116647297340365915e-04
1.116702574720332701e-04
1.116757857573363438e-04
1.116845664258477912e-04
1.116879499119226971e-04
1.116934799491523775e-04
1.116990105340297734e-04
1.117045416666365522e-04
1.117068206738613782e-04
1.117123300756381988e-04
1.117178853562711128e-04
1.117233958517987693e-04
1.117300590388861550e-04
1.117323172269205203e-04
1.117378519821253161e-04
1.117433872856948780e-04
1.117489231377113209e-04
1.117544595382552279e-04
1.117599964874084294e-04
1.117622568301209098e-04
1.117710720318687486e-04
1.117733331474217066e-04
1.117821497717453070e-04
1.117876894651686110e-04
1.117866964557805284e-04
1.117987704993933350e-04
1.117966696934344812e-04
1.118022111500033364e-04
1.118077531559492639e-04
1.118132957113539581e-04
1.118221177260399636e-04
