6.333611949437146772e-06
6.253967826485404657e-06
6.183293882076096793e-06
6.118149835274745684e-06
6.056340739572526947e-06
5.992169828428587891e-06
5.925667877273703573e-06
5.854543635890720806e-06
5.785562319321314677e-06
5.719960004514412052e-06
5.658725461406769422e-06
5.597376573199192094e-06
5.538247351495510995e-06
5.475628054345604741e-06
5.417509252373992478e-06
5.355878392457853717e-06
5.300997235328209143e-06
5.241519383458812580e-06
5.187660424419232938e-06
5.130306415615836056e-06
5.080833852353893858e-06
5.025562289910681229e-06
4.978238300828138668e-06
4.926289802558141156e-06
4.881140465531822644e-06
4.831346493755423586e-06
4.792972175959094631e-06
4.744231427899255077e-06
4.706886788961772585e-06
4.662634206203090377e-06
4.626299545474127974e-06
4.585331097660372721e-06
4.553515291298109214e-06
4.513625958124107910e-06
4.482862880957460546e-06
4.445191388806798791e-06
4.420121102583382015e-06
4.382366016702283626e-06
4.359563952190772405e-06
4.324040775159603684e-06
4.302253903806187799e-06
4.268925552488801805e-06
4.249413610241113386e-06
4.218333784980034553e-06
4.199894761161771608e-06
4.169929266721775994e-06
4.153778201221454178e-06
4.127188575542420219e-06
4.112190350720600711e-06
4.085558825199935705e-06
4.070460294286346683e-06
4.047231150453001373e-06
4.033292507736637471e-06
4.011122088426543866e-06
3.999466506800518811e-06
3.977303914989212963e-06
3.966763836235650890e-06
3.945691735002084929e-06
3.936324585480119915e-06
3.916400513736302823e-06
3.908101299533348333e-06
3.889262325221228697e-06
3.880924011367250131e-06
3.864434321386411447e-06
3.857279864405833937e-06
3.839495562883623114e-06
3.832318385448928116e-06
3.816905132406889449e-06
3.810863610198720426e-06
3.796591398009357306e-06
3.791675160340001296e-06
3.777321440504334938e-06
3.771228940519922317e-06
3.756860716204136412e-06
3.754232806422409596e-06
3.741040088943813233e-06
3.737277725272248431e-06
3.725209922108473288e-06
3.721394268047297920e-06
3.710508022937222867e-06
3.706639728405344569e-06
3.696871894375056479e-06
3.691825275942258778e-06
3.683231942044484673e-06
3.679339651537865096e-06
3.670729662328497680e-06
3.666839179418450916e-06
3.659382072782408821e-06
3.656678083960146871e-06
3.648035939884932676e-06
3.644071231849784439e-06
3.638970193647225490e-06
3.636168965043415507e-06
3.628683670419700098e-06
3.625860528627724947e-06
3.619536026756129644e-06
3.617933677861602122e-06
3.609178904712154197e-06
3.608799325358618141e-06
3.601207230109155126e-06
3.601948584800781384e-06
3.595550548515595422e-06
3.595110275793451550e-06
3.587467906144921199e-06
3.587022744695679643e-06
3.580589492536543352e-06
3.581322021022252048e-06
3.574878625275658119e-06
3.573201733105897522e-06
3.567930719341516817e-06
3.567434362316636014e-06
3.562156188926734789e-06
3.561615459274077188e-06
3.557527903854159383e-06
3.557011883245715795e-06
3.551675947806077117e-06
3.552370574106555319e-06
3.548256199238757425e-06
3.546544497965718145e-06
3.543625805070607982e-06
3.541829891798898844e-06
3.537675049323951183e-06
3.537079237669023412e-06
3.532917453719377226e-06
3.534774321112125501e-06
3.530606900393170842e-06
3.531241797942181920e-06
3.525805719913441045e-06
3.526492819821280529e-06
3.523454596696255429e-06
3.522891998078019951e-06
3.519863851392123117e-06
3.519216446328711737e-06
3.516211419000068527e-06
3.516802351434973968e-06
3.513751693660983141e-06
3.513166999637915254e-06
3.510152521531761257e-06
3.510741529229785100e-06
3.506437144246126665e-06
3.508230631812768745e-06
3.503935861525138393e-06
3.505729911631215233e-06
3.502634747587008741e-06
3.501976683446357042e-06
3.498863393273237745e-06
3.500671544350916335e-06
3.497567386493089475e-06
3.498126798829512100e-06
3.495046635414838907e-06
3.494315036001763163e-06
3.492414007834881307e-06
3.491708911727908977e-06
3.491016130799311084e-06
3.491534753395933813e-06
3.487161346759923667e-06
3.487665504564219543e-06
3.486997931952221776e-06
3.486259268709127966e-06
3.484346420887424216e-06
3.483621337905333154e-06
3.481653037736320927e-06
3.482129832060090515e-06
3.480184938867529813e-06
3.481921551582916217e-06
3.481180368622382610e-06
3.479177113068899314e-06
3.477213772309803906e-06
3.476469123698227042e-06
3.475723730068461784e-06
3.476173304949780584e-06
3.474165301561270647e-06
3.475866546826216715e-06
3.472603807247004495e-06
3.473039630751121723e-06
3.471026144057666282e-06
3.471474723237038811e-06
3.469458483940903093e-06
3.469948874666474809e-06
3.467900838724824456e-06
3.467068413107553170e-06
3.467518982815125934e-06
3.466643343212033286e-06
3.465877607046643469e-06
3.466272853149349963e-06
3.464219913349364598e-06
3.464627883267982450e-06
3.462572150321072583e-06
3.462966569504006508e-06
3.460908037851268971e-06
3.462565107363375706e-06
3.460478080279073478e-06
3.462067763943026678e-06
3.459978512895024026e-06
3.460346465966157147e-06
3.458254391327993425e-06
3.458664387289931445e-06
3.456513791227527463e-06
3.456880795459710397e-06
3.454783054323406163e-06
3.456405519819747756e-06
3.454265969168908338e-06
3.454592989010388233e-06
3.453692052754125752e-06
3.454032323868159566e-06
3.453172968804408996e-06
3.453513315957722968e-06
3.451323628590415047e-06
3.451706178538182383e-06
3.450801331404331092e-06
3.449855928185559086e-06
3.447663523376459523e-06
3.449252046096897244e-06
3.448317867619974538e-06
3.447369571438949060e-06
3.447668835594760453e-06
3.448011288267311035e-06
3.445795538350762503e-06
3.446137444580521454e-06
3.445185941446094343e-06
3.444207011247007207e-06
3.443240466008445299e-06
3.444794430715661896e-06
3.443813984896805739e-06
3.444086248214115814e-06
3.443160975053916101e-06
3.440867282483060839e-06
3.441181703028971059e-06
3.441466573257309314e-06
3.440468604377285377e-06
3.439456415836395730e-06
3.441001712071066519e-06
3.438674143365185669e-06
3.438961751850545040e-06
3.437947067824996431e-06
3.436918134794667254e-06
3.435901620670809810e-06
3.437449480380155831e-06
3.436418937807658427e-06
3.435400827507209152e-06
3.436910453381104037e-06
3.435864923123524854e-06
3.433497890591704186e-06
3.433801146049197134e-06
3.434004376333384396e-06
3.434221170069893783e-06
3.430569824325719787e-06
3.432095378476727610e-06
3.431031076508507678e-06
3.432558188013732857e-06
3.431479743262058852e-06
3.430417136981562236e-06
3.430562566099070429e-06
3.429498642619214855e-06
3.429687444721045843e-06
3.429893228103805979e-06
3.428810801696632298e-06
3.427713995913753169e-06
3.427888907919480871e-06
3.426847927908219916e-06
3.426982283493202902e-06
3.427173984789478384e-06
3.424728527858905642e-06
3.426194835019412638e-06
3.425066654544495214e-06
3.423937507174044680e-06
3.422807391665238389e-06
3.424275390397038079e-06
3.424422592927048325e-06
3.423335162259337957e-06
3.423455111885099698e-06
3.422295392633851324e-06
3.423725802209475627e-06
3.421284377422908876e-06
3.420078252461566433e-06
3.421553584275760642e-06
3.419064094140662096e-06
3.419226672198721550e-06
3.419345288956979077e-06
3.419508123598069602e-06
3.419599901108073576e-06
3.418393065127484706e-06
3.417198766127808005e-06
3.417320350860414588e-06
3.416111078414102498e-06
3.416245858893354762e-06
3.415004440083648242e-06
3.416471492757558480e-06
3.413926687482196346e-06
3.416639633866261991e-06
3.415413494266800533e-06
3.415507595025390528e-06
3.414279992404831266e-06
3.415678825510313974e-06
3.413100250036102917e-06
3.413207152746741170e-06
3.411976597099370333e-06
3.412069532098733048e-06
3.409498864979110622e-06
3.412224753030635092e-06
3.410920068077607469e-06
3.410985500156029776e-06
3.409723804206834114e-06
3.409802429226761914e-06
3.408481047546069460e-06
3.409901650524802990e-06
3.407294525015487484e-06
3.408657535510359251e-06
3.407378212973423321e-06
3.408755995197418832e-06
3.407448387903879083e-06
3.407499039232258122e-06
3.406189905685556077e-06
3.404893396204956114e-06
3.403595856960200480e-06
3.404934398054964235e-06
3.404939365605135764e-06
3.404989139769663369e-06
3.403675904183270785e-06
3.403680376868175402e-06
3.402338224110364344e-06
3.405016703196055236e-06
3.401029649387102533e-06
3.402344004068237799e-06
3.401012944725182253e-06
3.402328314916307562e-06
3.400996214075989607e-06
3.400958493968862352e-06
3.399624820213555494e-06
3.401000437198392822e-06
3.398282602439828134e-06
3.399572528440226639e-06
3.398208792743246476e-06
3.399499675930915473e-06
3.396790843856513951e-06
3.398127296239617614e-06
3.396760913939781586e-06
3.398053226438154123e-06
3.395339675274649110e-06
3.396632441198081258e-06
3.396596747849174637e-06
3.396515807947494297e-06
3.395118139066070002e-06
3.396385220866681107e-06
3.393668796970174704e-06
3.394950071371395931e-06
3.392185748641256322e-06
3.393453644233108734e-06
3.393430433480629102e-06
3.393334255201856887e-06
3.391903572833307115e-06
3.393173266405807746e-06
3.391727653324538034e-06
3.391662307435964286e-06
3.390197253302987759e-06
3.391499833087844706e-06
3.388682417119719544e-06
3.391309457488012037e-06
3.389887603256989759e-06
3.389762070215677014e-06
3.386985381847203780e-06
3.389542442760342851e-06
3.389448372234095585e-06
3.390695068435776320e-06
3.387855200675640815e-06
3.389088362288899866e-06
3.386291482240572497e-06
3.387524972636467464e-06
3.386054885655339440e-06
3.387289189083207238e-06
3.384473706170797068e-06
3.387011413632461009e-06
3.385511248747229768e-06
3.386733239411372658e-06
3.383853855030964471e-06
3.386454665560463359e-06
3.382239885058657604e-06
3.384841981719447663e-06
3.381957780216205720e-06
3.383181122584287123e-06
3.380312323358311005e-06
3.382843729028989017e-06
3.381308868028421037e-06
3.382505860498400422e-06
3.379646701422362506e-06
3.382181447904108280e-06
3.380658116153845522e-06
3.380518132227668684e-06
3.378965263110193961e-06
3.380163962125398337e-06
3.378623822690223805e-06
3.379781391924665386e-06
3.378226099897880785e-06
3.379412250293218203e-06
3.376453982929159913e-06
3.377640334399083017e-06
3.377470904294340744e-06
3.375898136468418281e-06
3.374352213949709875e-06
3.376915729765973169e-06
3.373936459683513040e-06
3.377818578576304201e-06
3.373506154831476402e-06
3.376044905321140365e-06
3.373075261178215190e-06
3.374208536563632525e-06
3.372615789466149447e-06
3.375125399130223276e-06
3.372230018139868778e-06
3.374694879620066885e-06
3.371737006618917267e-06
3.372858130159647798e-06
3.371247654355531785e-06
3.372383391914550889e-06
3.370771670652308461e-06
3.371893979905971334e-06
3.368929202109591130e-06
3.371417952542790074e-06
3.369803736658631127e-06
3.370927233951548969e-06
3.367930056147660025e-06
3.369039623459614166e-06
3.368748872822673839e-06
3.368518539611415100e-06
3.368227424152146763e-06
3.367982699787166151e-06
3.366288310870198465e-06
3.368802906115535714e-06
3.364393265611796179e-06
3.368266546156480856e-06
3.366588508893148716e-06
3.366328674685011958e-06
3.364663006634164256e-06
3.367121209486861498e-06
3.364066672023669831e-06
3.366526265978256735e-06
3.363497759053308958e-06
3.364597591052295168e-06
3.362913999148615407e-06
3.364000243576472447e-06
3.362315370688218545e-06
3.364736820409483147e-06
3.361673621396629383e-06
3.362746731788424844e-06
3.361059301288674712e-06
3.362132905517412405e-06
3.360415934366609450e-06
3.361504151962084421e-06
3.359785884493080367e-06
3.362241019882093342e-06
3.359140887488289861e-06
3.360187630846090888e-06
3.358466776112131791e-06
3.359528122143514835e-06
3.357791818019752415e-06
3.358853617377833792e-06
3.357116011614259575e-06
3.358164096805775750e-06
3.356439355295663514e-06
3.357502062212212356e-06
3.355747676527126870e-06
3.358201160869504163e-06
3.355026779264384720e-06
3.356047802849983698e-06
3.354290809773695377e-06
3.356746863933223037e-06
3.353582313031439391e-06
3.354618354881039536e-06
3.354280501341984160e-06
3.355317399557085092e-06
3.352105874976047056e-06
3.353128525344943321e-06
3.352775586282542304e-06
3.355161474044494940e-06
3.352007534074407885e-06
3.354394637898981420e-06
3.351238549700789070e-06
3.352262801643330972e-06
3.350468631463645263e-06
3.352872412242666886e-06
3.349683545611664312e-06
3.353487418039980853e-06
3.348869037631631672e-06
3.349865924052958568e-06
3.349482208667643772e-06
3.350446660214742329e-06
3.348680863162850501e-06
3.349631389877950412e-06
3.347864296923346628e-06
3.350260205191334883e-06
3.348416160697344606e-06
3.349401014168129410e-06
3.347569917112082756e-06
3.348540819044477434e-06
3.346708398483284225e-06
3.347693904906291857e-06
3.344459771006662114e-06
3.346831700970411858e-06
3.346431192706276736e-06
3.345982783962177056e-06
3.344132081848553901e-06
3.345075661504842301e-06
3.343223635085016591e-06
3.344196109385928820e-06
3.343765508508422945e-06
3.344738702429566329e-06
3.342855805208355587e-06
3.343829292691510523e-06
3.341973690044355727e-06
3.342933163144018388e-06
3.341047584164327033e-06
3.343399465584448187e-06
3.341498612386871444e-06
3.342444700897603263e-06
3.340556847495980242e-06
3.342959136332650598e-06
3.341070350662940387e-06
3.340574989084312019e-06
3.340112921670651224e-06
3.342469870238866623e-06
3.340550084147119908e-06
3.338643596265351558e-06
3.338180470252298248e-06
3.340510766269400436e-06
3.337205436382304745e-06
3.339536763568678031e-06
3.336229311001669554e-06
3.338547291692194068e-06
3.338068982180845973e-06
3.339003967158470777e-06
3.335630224360744804e-06
3.337984314224602765e-06
3.336056881682644913e-06
3.338364253137275572e-06
3.336435869253290307e-06
3.335941654713112185e-06
3.334011544051512861e-06
3.334918644456925900e-06
3.334389825349437979e-06
3.335297526520854734e-06
3.333384520186542800e-06
3.335681790082843532e-06
3.332281643557000669e-06
3.334642539632223757e-06
3.332679019871109961e-06
3.333573299967864700e-06
3.331608439161982149e-06
3.332502912022593166e-06
3.331991446988337655e-06
3.332900943622693332e-06
3.332326520256266759e-06
3.331737350108073328e-06
3.331225133688644118e-06
3.330698195601136374e-06
3.330108133836864591e-06
3.332398684372035875e-06
3.329018861007614335e-06
3.329900563323381202e-06
3.329358116895014344e-06
3.330206378158915613e-06
3.329649255590589816e-06
3.329072299811814184e-06
3.328514595692860759e-06
3.327971077600768868e-06
3.327364277852962192e-06
3.328247386260947460e-06
3.327688890235165210e-06
3.327096028636392237e-06
3.326536947428835547e-06
3.327372167571733735e-06
3.326812865059780660e-06
3.326224285465477554e-06
3.325664404958603945e-06
3.325055599103472824e-06
3.325911140811974638e-06
3.326767122897746523e-06
3.324726883904609074e-06
3.325519797077320867e-06
3.323541417247704011e-06
3.324397663453783908e-06
3.323807127790164389e-06
3.324600615038116601e-06
3.324009833159444053e-06
3.323384522563450754e-06
3.322793140582687383e-06
3.323621419421587056e-06
3.322995539810753052e-06
3.323824285892673359e-06
3.321777112025515692e-06
3.321184585964722617e-06
3.321998958225046860e-06
3.322828283087558194e-06
3.320749715781754505e-06
3.321579139268170123e-06
3.320971272884897040e-06
3.321737692763587321e-06
3.321129566770069153e-06
3.320472211174995214e-06
3.318389991795427966e-06
3.319220051651120492e-06
3.318596139248375419e-06
3.319397510795695556e-06
3.320213850480324478e-06
3.319540720586184124e-06
3.317489654809609289e-06
3.318242510902934679e-06
3.317632038179178144e-06
3.318419755519301973e-06
3.316331957331553792e-06
3.318562696402123886e-06
3.316444728014987998e-06
3.317232922420008458e-06
3.316592115757009886e-06
3.317380720033501994e-06
3.315260455651643263e-06
3.316063726744796308e-06
3.315372873191219184e-06
3.314730858437432932e-06
3.315519961774473719e-06
3.314877676296596350e-06
3.314185882087213686e-06
3.314946170721412665e-06
3.315736070523808194e-06
3.313581624920810964e-06
3.312938123102864937e-06
3.313698836963754239e-06
3.311571672862758885e-06
3.310848699310264644e-06
3.313122815129676461e-06
3.312399859363704783e-06
3.313161337328529493e-06
3.311002279385845581e-06
3.311813126504267689e-06
3.312525643349589133e-06
3.311851081443506349e-06
3.312613309383187277e-06
3.310451640156734785e-06
3.311213896881658132e-06
3.310489002931737538e-06
3.311251619456741239e-06
3.310561162010474462e-06
3.309820950205473708e-06
3.309080403695954842e-06
3.309814036565567862e-06
3.310626835677351231e-06
3.306955727601614334e-06
3.309194264917733898e-06
3.307011709288456511e-06
3.307745713449936089e-06
3.308509423498336319e-06
3.309244092731250610e-06
3.307044890072898463e-06
3.306336917735259736e-06
3.307022018153094737e-06
3.309249880665188636e-06
3.307048723751562682e-06
3.306290513709252665e-06
3.307011123595213508e-06
3.304808009533048251e-06
3.304098439986389562e-06
3.304819049690854538e-06
3.304044796854193252e-06
3.303319880418471443e-06
3.305472214370627474e-06
3.304762018323103016e-06
3.303972355039016274e-06
3.303261514578630375e-06
3.303968315063183986e-06
3.304704887275386437e-06
3.305412305639192450e-06
3.303173578003234461e-06
3.302382545787717800e-06
3.303089921292701497e-06
3.300849257166542849e-06
3.301606410610619311e-06
3.303763970921599362e-06
3.303022042043883177e-06
3.302229959602135242e-06
3.301452289190669768e-06
3.300709383600562724e-06
3.301388101696476008e-06
3.300594992160191129e-06
3.299821916555817547e-06
3.300515640187876967e-06
3.301224425020860543e-06
3.300450991204141914e-06
3.299656846129536208e-06
3.298847591483001082e-06
3.299527068797675343e-06
3.300236387097493638e-06
3.298007434274793250e-06
3.298672384920004891e-06
3.299367175265620380e-06
3.298542062250315346e-06
3.297716608907805333e-06
3.296940838792173856e-06
3.297635840628500119e-06
3.296844940296330559e-06
3.297475358067415306e-06
3.296698897536027273e-06
3.297364819585033313e-06
3.298045818020929753e-06
3.295746001485466723e-06
3.294903643605618158e-06
3.297093355350067162e-06
3.296250925469691058e-06
3.295458291238726116e-06
3.294665336332415138e-06
3.295346747065921063e-06
3.294488462540965891e-06
3.295155291047007726e-06
3.295807562204133213e-06
3.294999052125664279e-06
3.292693505322350552e-06
3.294807304261258857e-06
3.293998111872034990e-06
3.293153192016118305e-06
3.292343347419843763e-06
3.292995972131845614e-06
3.293648855628027481e-06
3.292823787110757651e-06
3.291962951631850960e-06
3.292616015812162933e-06
3.291739953184732964e-06
3.292393229376570437e-06
3.291567105857992243e-06
3.290690325832320463e-06
3.289878398636155871e-06
3.291982627537907606e-06
3.291170638143155702e-06
3.291794841309008421e-06
3.292434151797897332e-06
3.290074850047847293e-06
3.290714071895531944e-06
3.291338667953087738e-06
3.290460313771511081e-06
3.291085101664395473e-06
3.290256803717570499e-06
3.290881793137976198e-06
3.288533902508461484e-06
3.289158804889664806e-06
3.288264132660109126e-06
3.288874335516997297e-06
3.286509390520043260e-06
3.288655052748724993e-06
3.286289166396653320e-06
3.289906324527566116e-06
3.287524882109879358e-06
3.286613822717918829e-06
3.287239421658107976e-06
3.287900922447196189e-06
3.286989420769339897e-06
3.286128166258044004e-06
3.286739233926217537e-06
3.288808526257645797e-06
3.284914441887902142e-06
3.284052160339853470e-06
3.284648388072049943e-06
3.285274660235946638e-06
3.284346399511155914e-06
3.284993672017265300e-06
3.284065022936789634e-06
3.284661800153387923e-06
3.282257400684997188e-06
3.285870938559817617e-06
3.283450948830531403e-06
3.285589859342670242e-06
3.284660301032275303e-06
3.283781139463560052e-06
3.282850913785740870e-06
3.283448341601675985e-06
3.284031043118431595e-06
3.284613951491695599e-06
3.282190235561843243e-06
3.282773024083155889e-06
3.280348120351237695e-06
3.280945731639127632e-06
3.281528612329574880e-06
3.282111700161512215e-06
3.279699889333150381e-06
3.281798626499677399e-06
3.280851086136495146e-06
3.281419507113006659e-06
3.280522437371149663e-06
3.282571911639479371e-06
3.280142669103815147e-06
3.280711366647179049e-06
3.278280939410367573e-06
3.278849513923247902e-06
3.279484180435469701e-06
3.281520653576705034e-06
3.277540033579933620e-06
3.278108874223724491e-06
3.277194674591963898e-06
3.279247148075291293e-06
3.278332828604904016e-06
3.280371219868353044e-06
3.277906541810609578e-06
3.278476033899145189e-06
3.277560953283643691e-06
3.278115590462953499e-06
3.278685413262402307e-06
3.276203340764442908e-06
3.275221206906104657e-06
3.277312906699202791e-06
3.276345625408969203e-06
3.276900622973982276e-06
3.275954018049629268e-06
3.276509134805240114e-06
3.277064439723791982e-06
3.277604917095900346e-06
3.276621693290543651e-06
3.277162278432763853e-06
3.276229783409336940e-06
3.276755462891049991e-06
3.272742744256499010e-06
3.274823226083829310e-06
3.275363963048865593e-06
3.275904878616266403e-06
3.273430293840153724e-06
3.275446050548506756e-06
3.271465298631274645e-06
3.275038128076935382e-06
3.274022445557140063e-06
3.276105880769390105e-06
3.273613851875177565e-06
3.272582408773917850e-06
3.274666620414423365e-06
3.275208307942091389e-06
3.272699463954757626e-06
3.273241002751881218e-06
3.272208662092507923e-06
3.271242331184853553e-06
3.273246947351711374e-06
3.272295527348562918e-06
3.269783790790016067e-06
3.273334341766591519e-06
3.270821975016416637e-06
3.272843193284370677e-06
3.270329937887306312e-06
3.272372955447812812e-06
3.269858837353663250e-06
3.270385884194963793e-06
3.269336059937979533e-06
3.271410346780076449e-06
3.268864352826789728e-06
3.272435451400844957e-06
3.269888815442427757e-06
3.270416362729883120e-06
3.269447131933389610e-06
3.271441798529015626e-06
3.267411078524068602e-06
3.269390971760643161e-06
3.268354436435981634e-06
3.268903535796520946e-06
3.267866603523518201e-06
3.268379396949879821e-06
3.267378468864733475e-06
3.269390372830442326e-06
3.268389289138399593e-06
3.267336382572659161e-06
3.266319594057020244e-06
3.268317460420091421e-06
3.267330703019996467e-06
3.267813841654591291e-06
3.266760049277967868e-06
3.267243248664021741e-06
3.267756804660519131e-06
3.268255410484204204e-06
3.265684402248509604e-06
3.267736197788717249e-06
3.265149235665127397e-06
3.267149945849091067e-06
3.266079666597364997e-06
3.265060696811632501e-06
3.265544297562666173e-06
3.264524946577793262e-06
3.265008611251840765e-06
3.265507540575228697e-06
3.264436061250952019e-06
3.266460465560434301e-06
3.263884605633479586e-06
3.265857834197607361e-06
3.263281132900931678e-06
3.265321687234583549e-06
3.262729017928652858e-06
3.264703233060546795e-06
3.265187635099887023e-06
3.264099560123538383e-06
3.263078046841683007e-06
3.263547282233019569e-06
3.262510252146832761e-06
3.262964400404321400e-06
3.263448964594605817e-06
3.262359695059662357e-06
3.262829164702904613e-06
3.261776141333060137e-06
3.262245659952751138e-06
3.262715313761751209e-06
3.260117030774776033e-06
3.262079705450857890e-06
3.261025829084595916e-06
3.263004339810647058e-06
3.260389473018907451e-06
3.260859258854462908e-06
3.261314019228053185e-06
3.260259291292607288e-06
3.260714094848622042e-06
3.261132311359858981e-06
3.260077111636927281e-06
3.262094442175005083e-06
3.259461339291521985e-06
3.259916348901253562e-06
3.260371485564276361e-06
3.260826749333812848e-06
3.259703522234020132e-06
3.260158817763661759e-06
3.259102312641558613e-06
3.261069790487519021e-06
3.256921286960709457e-06
3.258873819689830668e-06
3.259314128025084324e-06
3.258241598930931043e-06
3.257116792344755587e-06
3.257557041734241479e-06
3.258049411801969274e-06
3.258437897648431827e-06
3.257364524932068271e-06
3.256238839146204892e-06
3.258245686192878207e-06
3.257135008471783857e-06
3.257560481789773155e-06
3.257986066279639076e-06
3.256911765873246826e-06
3.257352581325333682e-06
3.256262704758327294e-06
3.255120464903107888e-06
3.257077220835515913e-06
3.256002079979358827e-06
3.256427858199336402e-06
3.255285031724820495e-06
3.254194019192377401e-06
3.254619727983895921e-06
3.255045548170822634e-06
3.255471479797221890e-06
3.255897522906852680e-06
3.254805876544956311e-06
3.253661790541439091e-06
3.255590740122576767e-06
3.254513849128288305e-06
3.254924822562799608e-06
3.253780158116082372e-06
3.254191144620834247e-06
3.254602234962671570e-06
3.255028660591137049e-06
3.253920399970027082e-06
3.254346846015811791e-06
3.253185992903330617e-06
3.253649447439415680e-06
3.254023787270485245e-06
3.254419985744928306e-06
3.251737832034190217e-06
3.253737493781430910e-06
3.252627938005781331e-06
3.251465834037721408e-06
3.251861971502091438e-06
3.252273447201343228e-06
3.251110862620930952e-06
3.253096711076410697e-06
3.251970990542694393e-06
3.253889877717006090e-06
3.251204286051455537e-06
3.251600737188660019e-06
3.252012538795027146e-06
3.252409187085081873e-06
3.252805932145050086e-06
3.251679204207854774e-06
3.250515103977142174e-06
3.250911765008867887e-06
3.251323784712753650e-06
3.248604364909196127e-06
3.250593084413650826e-06
3.249397607834917062e-06
3.249794374585652897e-06
3.250175972463427294e-06
3.249062947156437140e-06
3.247881971033016702e-06
3.248263484122114606e-06
3.248660352825203301e-06
3.249042048812497508e-06
3.249439107798098850e-06
3.249820986815146706e-06
3.248691700949468329e-06
3.250600298398789755e-06
3.249418377304432354e-06
3.248273356167967275e-06
3.248707798236493330e-06
3.249037386123553337e-06
3.247907196818640102e-06
3.246708962979089917e-06
3.247090930536933477e-06
3.247457703956894202e-06
3.247839847720426799e-06
3.246693562761251295e-06
3.248604405123372364e-06
3.248971520549423438e-06
3.246258671726668139e-06
3.246640899287211712e-06
3.247007922436341971e-06
3.247390326467233414e-06
3.246227754568083429e-06
3.246594857241197131e-06
3.245394656221219993e-06
3.247344616397406976e-06
3.246128925710669466e-06
3.244980845026816777e-06
3.245348017762527951e-06
3.244131682684530457e-06
3.247629091395933490e-06
3.244881388874081127e-06
3.246832854527760759e-06
3.247200446519980970e-06
3.244451762109674836e-06
3.246335888453703779e-06
3.243601802721180507e-06
3.243953885601273635e-06
3.245906563339525857e-06
3.246258974563670559e-06
3.243523653520856321e-06
3.243875885839997977e-06
3.244228194669005039e-06
3.244595902872669234e-06
3.244963694439197668e-06
3.242180737709002111e-06
3.244082248098735214e-06
3.244434774104464522e-06
3.243268455634906633e-06
3.243636300001753489e-06
3.243973563978881366e-06
3.242754077575890781e-06
3.241571726249949837e-06
3.241924212596856672e-06
3.242261445189316176e-06
3.242614081559851327e-06
3.241378448022374971e-06
3.243319584472076271e-06
3.242083758823218197e-06
3.242489304699708542e-06
3.241253119729258179e-06
3.241605876632101033e-06
3.241943368134092535e-06
3.242296275305223667e-06
3.242633910588015846e-06
3.242986968123656504e-06
3.240197454849593309e-06
3.242072377541168833e-06
3.240887919561522361e-06
3.241225587196981905e-06
3.241578678602775289e-06
3.241916490201069245e-06
3.240663309195919510e-06
3.239462720816062397e-06
3.241354311650011778e-06
3.240138184562227150e-06
3.242030243486714193e-06
3.240813930050609248e-06
3.241151908503072794e-06
3.241489957457007415e-06
3.240288578672173996e-06
3.239049410344450303e-06
3.240896435089038464e-06
3.241234596874102548e-06
3.240017327245999718e-06
3.238762259707557763e-06
3.239100303021681477e-06
3.239475976925008850e-06
3.239761227837889172e-06
3.238558556781909891e-06
3.238881345896424296e-06
3.239219574942393088e-06
3.239542495845437303e-06
3.239865481139141816e-06
3.240188530842763074e-06
3.238969792740763279e-06
3.237697832923735709e-06
3.241158066609026131e-06
3.238359139980667954e-06
3.238682202083830038e-06
3.239005328651640324e-06
3.239328519703194746e-06
3.238055828059554283e-06
3.236835898270798195e-06
3.238739841950983803e-06
3.237466716473412951e-06
3.237789913709755892e-06
3.238113175482295060e-06
3.236877257553558332e-06
3.238744491681718944e-06
3.235926582322276854e-06
3.236234393501178558e-06
3.236542263245877517e-06
3.236850191572379690e-06
3.237188980414260042e-06
3.235899049553502629e-06
3.234661956413564878e-06
3.234969825938694263e-06
3.235293152020709433e-06
3.237199740077336662e-06
3.235909190055851125e-06
3.234671503042306535e-06
3.236525462737336344e-06
3.233688391356355211e-06
3.235542610567823324e-06
3.235903929045332326e-06
3.236196768240249629e-06
3.234920677542334529e-06
3.235213483541564337e-06
3.235537172899754751e-06
3.235830090517920089e-06
3.236153903279660422e-06
3.234884108689138057e-06
3.235192467476121722e-06
3.233900015968567162e-06
3.234192922145400660e-06
3.234501301763462632e-06
3.234794316876676198e-06
3.235102811196767749e-06
3.232261328801747879e-06
3.234087357801247288e-06
3.234449078597689157e-06
3.233155594399281888e-06
3.233448651084749262e-06
3.233726332743892996e-06
3.234034923862405351e-06
3.232778731560133805e-06
3.231469073675485736e-06
3.231777534750875808e-06
3.233658277476677329e-06
3.233898313552975495e-06
3.234191650266126192e-06
3.232934788448023237e-06
3.233228090972120081e-06
3.230367109002116347e-06
3.233799411799149692e-06
3.230937976085927643e-06
3.232835436117464832e-06
3.231524482066882543e-06
3.231802375016668292e-06
3.232095758319635090e-06
3.230837691254948532e-06
3.232667236590969521e-06
3.231393555550285659e-06
3.231687005493916019e-06
3.230375132511882784e-06
3.230653099261021732e-06
3.230931113851141852e-06
3.231209176294601780e-06
3.231502738580200077e-06
3.230243618938208891e-06
3.232074565611712264e-06
3.230746465847723421e-06
3.231062540447467102e-06
3.231356217199612618e-06
3.231634486529678561e-06
3.231897340462698114e-06
3.230584118146517876e-06
3.229308587613221003e-06
3.231125251924943548e-06
3.229865013192790434e-06
3.230089900085828150e-06
3.228813887331122527e-06
3.232239011652528245e-06
3.229354957641312709e-06
3.229617828656426228e-06
3.229896209322399265e-06
3.230159168464587527e-06
3.230453114651062338e-06
3.229107474048643762e-06
3.229439343868883053e-06
3.228093395073963688e-06
3.229980884579094932e-06
3.228634754176744396e-06
3.228897765547033313e-06
3.229176294884270757e-06
3.226273597509246130e-06
3.228146244247352777e-06
3.228409302800356718e-06
3.227077849816640977e-06
3.228951028958890572e-06
3.229214218696040057e-06
3.227867025307850068e-06
3.228130169585823358e-06
3.226851643855744255e-06
3.228672072336646062e-06
3.227362417571434415e-06
3.229183175882056904e-06
3.226277624357650840e-06
3.226540767776519269e-06
3.226803954124003836e-06
3.227067183410614100e-06
3.227330455647211990e-06
3.227578280525502848e-06
3.227841636165276969e-06
3.226546456109032945e-06
3.226794280254226952e-06
3.227057635124613095e-06
3.225708519285981165e-06
3.229128048740791958e-06
3.226273257603478582e-06
3.226467586070362488e-06
3.226715521988759171e-06
3.226978995657194986e-06
3.227227010182745803e-06
3.227475062834323192e-06
3.226125132004997091e-06
3.227986791875526601e-06
3.226674787503237601e-06
3.225308974443881268e-06
3.225572477546517181e-06
3.227434676502994221e-06
3.226068600205886114e-06
3.226316718770961137e-06
3.225003974147555101e-06
3.225252048990997178e-06
3.223885384428699557e-06
3.225748313190308092e-06
3.224381476508030171e-06
3.226244730132178613e-06
3.224862211327208893e-06
3.223564158740868104e-06
3.225358604104012935e-06
3.225606857802773223e-06
3.222677290176408659e-06
3.226103479865992440e-06
3.224773995742531769e-06
3.223390638982230045e-06
3.225255080618000277e-06
3.225503438655019738e-06
3.224135339729089694e-06
3.222805214344798679e-06
3.224616475197983526e-06
3.223286186050230524e-06
3.223518965836632448e-06
3.223767301337252333e-06
3.224015675103853619e-06
3.224233033546172619e-06
3.222864026313231343e-06
3.224714431553370179e-06
3.221765777378754234e-06
3.222014087810567107e-06
3.223795570674211729e-06
3.224044073459852560e-06
3.222712666154755110e-06
3.222945592924401667e-06
3.223178553366445861e-06
3.221793034633619761e-06
3.222025945437253457e-06
3.220693910939454901e-06
3.220942301485161808e-06
3.222778655623688201e-06
3.223011705070840645e-06
3.221610040961318226e-06
3.221843038476543130e-06
3.222076069696324125e-06
3.220689575919961547e-06
3.222542233279375874e-06
3.222775365657276582e-06
3.221373083894476599e-06
3.220039954846363757e-06
3.221877550241449814e-06
3.220505990163516153e-06
3.223910424936251216e-06
3.222507725930250150e-06
3.221174209414515590e-06
3.221391829013081246e-06
3.221609478017994440e-06
3.218654693128057898e-06
3.220439379826841298e-06
3.220672555754879154e-06
3.219322805507282383e-06
3.221107907843132308e-06
3.221341180594456468e-06
3.219991195310986046e-06
3.221776713475459421e-06
3.220426575103175451e-06
3.220644309153072650e-06
3.220862072647630382e-06
3.221095423357890880e-06
3.219690982406161578e-06
3.218340239913843225e-06
3.221733421185695039e-06
3.220398199249615570e-06
3.220562136172294972e-06
3.219195532139563838e-06
3.219428872558706063e-06
3.221200244159012864e-06
3.218225834843323222e-06
3.220066842330431034e-06
3.218715309161030852e-06
3.220487106862188846e-06
3.220720634562888996e-06
3.220923052633393158e-06
3.219571218024464477e-06
3.219773590271857962e-06
3.221561614782077043e-06
3.220140037412500555e-06
3.218787796757865562e-06
3.219005741028404382e-06
3.219208144279824034e-06
3.219426145479511614e-06
3.219628601604061063e-06
3.219831083193434649e-06
3.218478291699390339e-06
3.218626753447579770e-06
3.217273703638413916e-06
3.219085675170516669e-06
3.217678501824329036e-06
3.217896512272909127e-06
3.218098977000684977e-06
3.216675888184881287e-06
3.215306618506634570e-06
3.218706524077834855e-06
3.218909090750858653e-06
3.219127267991686838e-06
3.219314300596742785e-06
3.216334146587294959e-06
3.216536615905987689e-06
3.216723533287672902e-06
3.216941631025368630e-06
3.217144176836217847e-06
3.217346748154495266e-06
3.217549344984142129e-06
3.216163509314288920e-06
3.217939025994999583e-06
3.218141697425693459e-06
3.216771226406364770e-06
3.216919797151429785e-06
3.217176498741728503e-06
3.215736065075710598e-06
3.215938660577642211e-06
3.216125694469105730e-06
3.216328339069862866e-06
3.216531009209239344e-06
3.216718112008986703e-06
3.216920831274149340e-06
3.217107979429354980e-06
3.217310747838525995e-06
3.217513541809366660e-06
3.216126339939105370e-06
3.216274988184853852e-06
3.214887546057523545e-06
3.215074643952977245e-06
3.216906264069046233e-06
3.217093502150088747e-06
3.215651666245712592e-06
3.214263777280543321e-06
3.216026061735976113e-06
3.216228895696624152e-06
3.214856389035413607e-06
3.215043574990660952e-06
3.216806332417283104e-06
3.216993653722406474e-06
3.215605263667256876e-06
3.215808143924805588e-06
3.214365372401956359e-06
3.216167148639356202e-06
3.216354487269239583e-06
3.214911502441131717e-06
3.213538106406050840e-06
3.213725325521193455e-06
3.213896962208092745e-06
3.214084223140479896e-06
3.214271505896026764e-06
3.212827895166225601e-06
3.212999523088379049e-06
3.214833485139810343e-06
3.215020855226350580e-06
3.213561342697120592e-06
3.213764270288854995e-06
3.213935998269798397e-06
3.214107744604344450e-06
3.212717661888787195e-06
3.212904972341231472e-06
3.213038101488695683e-06
3.214841776664737524e-06
3.215013619821493726e-06
3.213568986020663339e-06
3.213794995345257188e-06
3.213998052107470887e-06
3.215748065751726654e-06
3.215935637638786495e-06
3.212881046907754877e-06
3.214701139082547499e-06
3.213240296791459176e-06
3.213427763408025969e-06
3.213599627023558581e-06
3.210575312683344712e-06
3.213943409411168927e-06
3.212497750720336132e-06
3.212739477355636222e-06
3.214490487553398600e-06
3.211449767183529675e-06
3.214834460581434941e-06
3.211793433220497183e-06
3.211980918426090542e-06
3.213770999898851017e-06
3.212324698158442757e-06
3.212496615622267940e-06
3.211088731909658691e-06
3.212840505759987442e-06
3.211432489735998238e-06
3.213168833216233027e-06
3.211722031765982136e-06
3.211948264499105973e-06
3.213700553300967779e-06
3.212276571071255341e-06
3.210813778595807670e-06
3.211001337085125461e-06
3.211173284950907485e-06
3.211329617173510289e-06
3.211555912600966528e-06
3.213308828800529200e-06
3.211829982591467883e-06
3.212002019218181851e-06
3.210592916081642483e-06
3.210764904871632042e-06
3.212502594211923871e-06
3.212674702903057497e-06
3.211265340685551322e-06
3.211421758870680642e-06
3.211593836475168932e-06
3.210114215130025891e-06
3.210286240269679675e-06
3.210442642760387931e-06
3.210614703102841541e-06
3.210786781888896746e-06
3.209361096494306450e-06
3.209533125692894684e-06
3.209689531878378867e-06
3.208224847026240734e-06
3.208381205458041077e-06
3.210174487942441127e-06
3.210330956644769581e-06
3.210503089835894561e-06
3.210659590574087777e-06
3.209178870589825806e-06
3.209335322029539786e-06
3.211144839839224757e-06
3.211301403151135000e-06
3.209820418449784990e-06
3.209976932449776973e-06
3.210133461714437266e-06
3.210305661538108267e-06
3.210462222865058632e-06
3.209035235304612656e-06
3.209191749940707748e-06
3.210916337079271599e-06
3.211072957976436394e-06
3.209645728734806176e-06
3.208179591073052592e-06
3.209974552188216847e-06
3.208476975165662154e-06
3.210272117183150085e-06
3.208805726996483340e-06
3.207362312142194032e-06
3.209103227185874037e-06
3.209259828391562464e-06
3.209416444882153123e-06
3.209573076659359987e-06
3.208145007980040980e-06
3.209886386083969683e-06
3.208442532569363452e-06
3.206959752842674611e-06
3.208755775971287884e-06
3.208896755458218648e-06
3.207413787977626077e-06
3.209210087563207427e-06
3.207711328987843514e-06
3.209507809746082493e-06
3.209664527820731006e-06
3.208165576976183138e-06
3.208306576649946996e-06
3.210103419862804906e-06
3.208604283332739156e-06
3.207175162971423841e-06
3.208902045270363177e-06
3.205832340018259356e-06
3.207613815299127392e-06
3.209372308235636154e-06
3.207927211861621343e-06
3.206411824299736190e-06
3.208154819271708425e-06
3.208366069946420097e-06
3.208507156975124640e-06
3.208663934894858244e-06
3.208789368262288900e-06
3.207304953402700057e-06
3.207446019272405534e-06
3.206015920362965934e-06
3.206141272878021538e-06
3.207884970232347628e-06
3.208010406860547657e-06
3.206580083883998095e-06
3.206721155789561251e-06
3.206862240108261382e-06
3.207019015023023633e-06
3.208747545208582576e-06
3.208873049304997356e-06
3.205800280809625467e-06
3.207583531660062366e-06
3.206082444281067076e-06
3.207865864512067915e-06
3.208007049577369930e-06
3.208132557846222422e-06
3.208289456993846762e-06
3.206788070314235324e-06
3.206913547460989916e-06
3.207054720988965001e-06
3.207211595042687284e-06
3.207337105336326296e-06
3.207478316158810106e-06
3.207619539416506688e-06
3.207760775110338460e-06
3.206313423066473662e-06
3.206438925223440915e-06
3.204936810580316168e-06
3.205077952318535302e-06
3.206862567548687619e-06
3.207003806534680230e-06
3.205485764956966474e-06
3.205611266648436182e-06
3.207396202337388868e-06
3.205893681388564858e-06
3.206034907420032185e-06
3.207804395847101953e-06
3.204712292739788528e-06
3.204837796087377055e-06
3.206552842672437185e-06
3.206694126785901959e-06
3.205245749863809781e-06
3.205371294998502447e-06
3.207102350836979956e-06
3.203993619966562833e-06
3.205779384616183480e-06
3.204260343559022899e-06
3.206046268630732503e-06
3.206171876484956377e-06
3.203078156769037565e-06
3.204793923990128029e-06
3.204935195615838154e-06
3.203470383228460182e-06
3.205186375928206287e-06
3.205311980849275767e-06
3.203847011011886515e-06
3.205578923995821642e-06
3.204113842611219375e-06
3.205830205224094064e-06
3.204365018838147280e-06
3.206097234698202503e-06
3.204631936732171896e-06
3.203111860717575943e-06
3.204883194197512236e-06
3.205008837705805867e-06
3.203488597682405682e-06
3.205260154278556233e-06
3.203739804896742661e-06
3.202289707506836841e-06
3.205652915336764684e-06
3.204132395050734141e-06
3.202666438238647583e-06
3.204367995330761521e-06
3.202901939962312662e-06
3.204635050869858022e-06
3.203168883787934592e-06
3.203278814767717537e-06
3.203404459412603599e-06
3.203530113914744953e-06
3.203655778274769249e-06
3.203781452493825911e-06
3.203907136573621711e-06
3.202385839427982896e-06
3.204142820803563490e-06
3.202691838011903451e-06
3.204394255537961840e-06
3.204519987703362776e-06
3.204630011442579278e-06
3.201531458745309528e-06
3.201641388503258035e-06
3.203359801057979278e-06
3.203485516681423488e-06
3.202002639438721929e-06
3.202128311048088292e-06
3.202253992522335360e-06
3.202363971905647517e-06
3.204067079816285296e-06
3.204192850961344983e-06
3.202725385931282154e-06
3.202835397696763833e-06
3.202976852501315994e-06
3.203086881543420802e-06
3.203196918145243419e-06
3.203322683519415544e-06
3.203432736323444889e-06
3.203558520216086581e-06
3.203668589225357996e-06
3.203778665798838189e-06
3.203904476859734286e-06
3.204014569643705612e-06
3.202491686003918328e-06
3.201023448154950986e-06
3.201117738725907991e-06
3.202837590262638498e-06
3.201353489458036574e-06
3.203128250128919335e-06
3.204832638678322856e-06
3.203309398326705579e-06
3.203403776620464595e-06
3.201935156422980985e-06
3.202045225302603420e-06
3.200521658500247177e-06
3.202281112671433610e-06
3.202391205337748248e-06
3.202501305574353360e-06
3.200961817474085840e-06
3.201126670597358672e-06
3.202847384180346023e-06
3.201307741609348066e-06
3.201417824059973140e-06
3.203193537592633640e-06
3.200042871447775966e-06
3.200168643846852684e-06
3.203524026564351823e-06
3.201968349892798420e-06
3.200498843437678266e-06
3.202243426823403904e-06
3.202314491624079872e-06
3.202424643324260054e-06
3.202589622106800152e-06
3.201049327540109534e-06
3.202739404227290339e-06
3.201269574207192003e-06
3.201379708906599735e-06
3.201489851184121985e-06
3.201584264883191158e-06
3.200043625316579015e-06
3.200224297253237250e-06
3.201914756686726830e-06
3.202024935784198703e-06
3.198887916157696978e-06
3.202229574227169093e-06
3.199092361151774040e-06
3.202449983342221405e-06
3.200908956961809735e-06
3.201058233973650550e-06
3.201129297928535744e-06
3.201294332716580912e-06
3.201349669232205427e-06
3.201498979800247899e-06
3.201554326897861377e-06
3.200067766135196871e-06
3.200162191733011345e-06
3.200272361973516662e-06
3.200366799645879820e-06
3.200476983974928295e-06
3.202184206949770111e-06
3.199029683218207533e-06
3.200791838153466866e-06
3.200886306487490554e-06
3.199344415141035944e-06
3.201106754287450669e-06
3.201201241211564796e-06
3.198061816525085367e-06
3.201405982017113726e-06
3.199918743271631153e-06
3.199958320547529577e-06
3.200052788444868818e-06
3.200217898216599239e-06
3.200273235231349353e-06
3.198769975532982152e-06
3.198880161788989925e-06
3.202225207200496172e-06
3.199084813547925992e-06
3.199179277038076575e-06
3.199273746107081339e-06
3.199368220755435376e-06
3.199462700983632506e-06
3.199572934969492423e-06
3.199667427289045488e-06
3.199777675382841382e-06
3.199872179796071675e-06
3.199966689791786110e-06
3.196809507237432555e-06
3.200171480602526898e-06
3.200266008279351493e-06
3.200360541540721907e-06
3.200455080387132385e-06
3.198966739793208596e-06
3.200659933716662655e-06
3.200754490252284316e-06
3.199195338346182825e-06
3.199289857197867704e-06
3.197785502497599072e-06
3.197895732952698711e-06
3.197990222248671955e-06
3.198100466818210242e-06
3.198194968213429957e-06
3.199888606315416879e-06
3.199983166137118529e-06
3.198478505911377608e-06
3.198573029649951313e-06
3.198667558975383238e-06
3.198762093888339151e-06
3.198856634389317106e-06
3.198935422409120242e-06
3.199045732157329248e-06
3.199140289425349805e-06
3.199234852283375732e-06
3.199329420731905932e-06
3.199423994771426602e-06
3.199518574402442149e-06
3.197942646220982238e-06
3.198037187184746384e-06
3.199802346849231089e-06
3.198226285883135281e-06
3.199975788125952646e-06
3.200070400383893817e-06
3.200165018236721385e-06
3.200243870721636050e-06
3.198699130480238025e-06
3.197193505350491764e-06
3.197272291605633045e-06
3.199022119164385880e-06
3.197461394461351550e-06
3.197555954277832088e-06
3.197634758397367906e-06
3.197729328468201252e-06
3.199479419682235928e-06
3.197918485392326968e-06
3.197997307382335209e-06
3.198091898899479078e-06
3.198170729438380368e-06
3.198281098721931880e-06
3.198359938588491275e-06
3.196837948247287932e-06
3.196893279107888404e-06
3.196972091369166744e-06
3.198706880182917551e-06
3.198801513681339816e-06
3.195639019115803097e-06
3.197389687096869277e-06
3.199069672337725264e-06
3.195906920583503507e-06
3.197641974006660748e-06
3.197720821830927817e-06
3.197760427758432695e-06
3.197910072475093180e-06
3.196332503485394410e-06
3.198028550704285169e-06
3.198162441515623848e-06
3.196584754250012773e-06
3.198335968338241825e-06
3.196773968453529867e-06
3.196868583955599602e-06
3.196947434485930261e-06
3.197026288905858660e-06
3.197120919344687381e-06
3.197199782323148064e-06
3.197294423033050447e-06
3.197373294571435936e-06
3.197452170001156430e-06
3.197546825653605998e-06
3.197609932535757784e-06
3.196047456435107873e-06
3.197783489305685550e-06
3.194618748678071169e-06
3.197957064917107792e-06
3.194776392412644183e-06
3.196528348013124497e-06
3.196552169387853051e-06
3.196686098434974712e-06
3.196709924877963869e-06
3.196859641883495461e-06
3.198541048469259842e-06
3.195359809534705366e-06
3.198698918475499800e-06
3.195533298961686507e-06
3.198856804066636921e-06
3.195691032971212036e-06
3.197372668007240477e-06
3.195864558368033005e-06
3.197530504495847576e-06
3.196022325082505209e-06
3.196085436129815305e-06
3.196180107374513859e-06
3.196243224653247566e-06
3.196337905245833913e-06
3.196432591447931104e-06
3.196495718699301660e-06
3.196590414251690948e-06
3.195050342375802032e-06
